2,	19,	6818
2,	19,	6818
3,	19,	34
3,	19,	34
13,	19,	12
13,	19,	12
29,	19,	41
29,	19,	41
36,	19,	437
56,	19,	1582
56,	19,	1582
103,	19,	101
106,	19,	80
111,	19,	110
128,	19,	553
133,	19,	132
147,	19,	146
148,	19,	146
158,	19,	554
166,	19,	944
168,	19,	167
179,	19,	168
188,	19,	187
200,	19,	199
224,	19,	223
237,	19,	236
261,	19,	260
262,	19,	271
268,	19,	267
268,	19,	267
269,	19,	267
269,	19,	268
278,	19,	277
280,	19,	280
285,	19,	429
305,	19,	304
306,	19,	304
307,	19,	416
313,	19,	312
316,	19,	315
327,	19,	327
328,	19,	1453
341,	19,	340
342,	19,	372
347,	19,	346
348,	19,	346
372,	19,	342
385,	19,	729
387,	19,	350
387,	19,	351
388,	19,	499
390,	19,	323
391,	19,	611
392,	19,	2549
393,	19,	412
401,	19,	400
410,	19,	813
412,	19,	411
412,	19,	393
417,	19,	429
424,	19,	437
424,	19,	437
434,	19,	433
444,	19,	443
451,	19,	507
540,	19,	580
548,	19,	547
557,	19,	556
593,	19,	1929
621,	19,	501
655,	19,	654
655,	19,	656
656,	19,	655
685,	19,	691
687,	19,	686
717,	19,	721
721,	19,	717
721,	19,	717
722,	19,	723
738,	19,	1079
746,	19,	745
748,	19,	805
748,	19,	805
766,	19,	953
773,	19,	765
780,	19,	1105
780,	19,	1105
784,	19,	2522
785,	19,	2880
787,	19,	963
789,	19,	2275
789,	19,	2275
793,	19,	1524
798,	19,	9720
806,	19,	805
917,	19,	1302
921,	19,	920
932,	19,	939
935,	19,	554
939,	19,	932
957,	19,	1341
1037,	19,	1753
1038,	19,	1030
1040,	19,	1039
1041,	19,	1069
1041,	19,	1042
1042,	19,	1041
1046,	19,	1047
1047,	19,	1046
1073,	19,	1077
1089,	19,	1088
1094,	19,	1143
1094,	19,	1095
1095,	19,	1094
1097,	19,	1096
1107,	19,	1116
1116,	19,	1107
1116,	19,	1107
1116,	19,	1117
1117,	19,	1116
1126,	19,	1165
1131,	19,	1406
1140,	19,	795
1189,	19,	1817
1195,	19,	1165
1229,	19,	1229
1254,	19,	4767
1290,	19,	1289
1290,	19,	1289
1291,	19,	1289
1291,	19,	1289
1291,	19,	1290
1292,	19,	1289
1292,	19,	1289
1292,	19,	1290
1297,	19,	1296
1336,	19,	1296
1360,	19,	1368
1361,	19,	818
1364,	19,	1143
1369,	19,	1368
1377,	19,	1699
1379,	19,	636
1388,	19,	1266
1398,	19,	1404
1407,	19,	1406
1408,	19,	1406
1414,	19,	1393
1415,	19,	1415
1454,	19,	525
1457,	19,	1456
1458,	19,	1460
1460,	19,	1458
1471,	19,	1470
1484,	19,	1482
1493,	19,	1495
1505,	19,	1554
1518,	19,	1134
1519,	19,	1531
1525,	19,	1524
1532,	19,	1531
1536,	19,	1551
1536,	19,	1537
1537,	19,	1536
1539,	19,	1160
1541,	19,	1796
1575,	19,	1578
1615,	19,	6103
1658,	19,	1666
1672,	19,	1510
1682,	19,	7936
1759,	19,	1758
1772,	19,	1771
1778,	19,	1777
1814,	19,	1811
1817,	19,	1189
1817,	19,	1189
1859,	19,	1858
1865,	19,	2280
1875,	19,	1886
1876,	19,	1875
1881,	19,	2880
1886,	19,	1875
1893,	19,	1892
1906,	19,	1662
1928,	19,	3021
1944,	19,	1939
1952,	19,	2014
1981,	19,	1980
1983,	19,	1982
1988,	19,	1987
1989,	19,	1987
1989,	19,	1988
2011,	19,	1994
2027,	19,	1946
2037,	19,	2432
2057,	19,	2062
2059,	19,	2096
2064,	19,	2067
2073,	19,	2469
2082,	19,	2081
2085,	19,	2123
2106,	19,	2115
2115,	19,	2114
2115,	19,	2106
2140,	19,	2399
2142,	19,	2402
2193,	19,	2290
2211,	19,	6052
2230,	19,	3899
2236,	19,	2235
2237,	19,	2235
2238,	19,	2235
2277,	19,	2276
2287,	19,	3960
2300,	19,	2096
2319,	19,	2327
2325,	19,	1912
2365,	19,	2694
2385,	19,	2384
2392,	19,	3315
2398,	19,	3737
2398,	19,	2730
2400,	19,	2399
2402,	19,	2356
2402,	19,	2356
2402,	19,	2371
2402,	19,	2142
2413,	19,	2413
2434,	19,	2045
2437,	19,	2050
2448,	19,	2060
2462,	19,	2461
2483,	19,	2482
2488,	19,	2099
2508,	19,	2118
2513,	19,	2127
2519,	19,	2649
2519,	19,	2649
2519,	19,	3457
2520,	19,	2935
2533,	19,	2532
2555,	19,	2554
2559,	19,	2835
2573,	19,	4684
2601,	19,	2600
2611,	19,	3565
2628,	19,	2628
2670,	19,	2655
2730,	19,	2398
2804,	19,	3096
2806,	19,	3089
2808,	19,	3096
2821,	19,	3013
2832,	19,	2831
2844,	19,	2843
2890,	19,	2889
2914,	19,	2788
2919,	19,	3178
2923,	19,	2924
2946,	19,	930
2946,	19,	930
2950,	19,	2951
2955,	19,	2955
2962,	19,	2960
2973,	19,	2864
2980,	19,	2979
2994,	19,	6886
3006,	19,	3130
3009,	19,	2995
3014,	19,	3013
3015,	19,	3323
3025,	19,	3030
3025,	19,	3030
3025,	19,	3026
3026,	19,	3025
3026,	19,	3030
3043,	19,	3046
3047,	19,	3016
3048,	19,	3213
3049,	19,	3213
3049,	19,	3048
3049,	19,	3213
3052,	19,	3020
3075,	19,	3376
3076,	19,	6354
3076,	19,	6355
3078,	19,	3079
3079,	19,	3078
3090,	19,	3461
3094,	19,	3465
3106,	19,	2842
3159,	19,	3158
3162,	19,	3154
3163,	19,	2898
3172,	19,	3179
3172,	19,	3179
3174,	19,	2898
3176,	19,	3170
3216,	19,	3215
3222,	19,	3624
3240,	19,	3214
3240,	19,	3215
3260,	19,	3259
3263,	19,	3262
3288,	19,	3287
3322,	19,	3321
3334,	19,	4091
3334,	19,	4092
3345,	19,	3588
3368,	19,	3490
3368,	19,	3491
3377,	19,	3376
3386,	19,	8106
3386,	19,	8107
3403,	19,	3424
3423,	19,	3403
3443,	19,	3432
3456,	19,	3566
3457,	19,	2519
3470,	19,	3096
3482,	19,	3103
3500,	19,	6674
3500,	19,	6675
3500,	19,	6676
3526,	19,	3540
3534,	19,	3533
3552,	19,	3852
3552,	19,	3853
3585,	19,	3561
3620,	19,	9356
3620,	19,	9357
3646,	19,	4348
3646,	19,	4349
3646,	19,	4350
3665,	19,	3664
3666,	19,	3258
3735,	19,	3802
3735,	19,	3803
3745,	19,	3742
3745,	19,	3743
3745,	19,	3744
3745,	19,	3746
3745,	19,	3747
3757,	19,	3756
3766,	19,	3770
3777,	19,	3053
3777,	19,	3054
3805,	19,	3804
3810,	19,	6817
3810,	19,	6818
3814,	19,	4118
3814,	19,	4119
3814,	19,	4120
3815,	19,	4118
3815,	19,	4119
3815,	19,	4120
3817,	19,	8603
3817,	19,	8604
3821,	19,	4106
3821,	19,	4107
3821,	19,	4108
3848,	19,	4131
3848,	19,	4132
3891,	19,	2217
3891,	19,	2218
3902,	19,	3901
3930,	19,	4111
3933,	19,	3932
3941,	19,	3969
3948,	19,	3969
3952,	19,	3954
3952,	19,	3953
3953,	19,	3952
3953,	19,	3954
3954,	19,	3952
3954,	19,	3953
3978,	19,	3977
3993,	19,	3214
3993,	19,	3215
3995,	19,	3994
4004,	19,	8603
4004,	19,	8604
4005,	19,	4075
4010,	19,	6000
4013,	19,	4009
4013,	19,	4010
4022,	19,	4022
4024,	19,	4023
4027,	19,	4026
4045,	19,	4045
4049,	19,	4106
4069,	19,	4068
4095,	19,	3027
4095,	19,	3723
4095,	19,	3724
4095,	19,	3725
4109,	19,	4108
4109,	19,	4110
4110,	19,	4109
4115,	19,	4142
4130,	19,	4144
4132,	19,	3848
4145,	19,	4144
4146,	19,	4144
4147,	19,	4144
4157,	19,	4200
4162,	19,	4600
4162,	19,	4601
4162,	19,	4602
4164,	19,	4163
4166,	19,	4165
4171,	19,	6064
4171,	19,	6065
4198,	19,	4131
4198,	19,	4132
4212,	19,	4229
4224,	19,	4685
4224,	19,	4686
4224,	19,	4687
4224,	19,	4689
4224,	19,	4690
4238,	19,	4720
4249,	19,	4236
4256,	19,	4255
4266,	19,	4451
4269,	19,	4288
4270,	19,	4170
4276,	19,	4781
4284,	19,	3950
4284,	19,	3951
4284,	19,	3952
4284,	19,	3953
4284,	19,	3954
4300,	19,	3610
4300,	19,	3611
4300,	19,	3612
4314,	19,	4313
4323,	19,	4471
4324,	19,	4324
4352,	19,	4351
4354,	19,	4369
4366,	19,	4365
4368,	19,	4396
4370,	19,	4369
4373,	19,	6470
4374,	19,	4394
4374,	19,	4395
4374,	19,	4396
4374,	19,	4398
4374,	19,	4399
4393,	19,	4917
4393,	19,	4918
4397,	19,	4396
4405,	19,	4404
4406,	19,	4390
4406,	19,	4391
4419,	19,	4367
4419,	19,	4368
4419,	19,	4397
4422,	19,	4394
4422,	19,	4395
4422,	19,	4396
4422,	19,	4398
4422,	19,	4399
4429,	19,	4738
4452,	19,	4451
4465,	19,	4464
4466,	19,	4464
4467,	19,	7730
4467,	19,	4468
4468,	19,	4467
4488,	19,	4487
4497,	19,	4496
4514,	19,	4513
4516,	19,	4515
4517,	19,	4513
4517,	19,	4514
4517,	19,	4515
4517,	19,	4516
4517,	19,	4517
4531,	19,	4530
4531,	19,	4531
4531,	19,	4532
4535,	19,	4533
4535,	19,	4534
4535,	19,	4535
4539,	19,	4538
4547,	19,	4546
4589,	19,	4550
4589,	19,	4551
4589,	19,	4552
4591,	19,	4590
4599,	19,	4598
4605,	19,	9079
4627,	19,	4626
4628,	19,	4626
4628,	19,	4629
4629,	19,	4628
4638,	19,	4648
4687,	19,	4688
4687,	19,	5202
4687,	19,	5203
4701,	19,	4700
4755,	19,	4754
4773,	19,	4772
4798,	19,	6467
4798,	19,	6468
4811,	19,	4810
4811,	19,	4823
4818,	19,	4816
4818,	19,	4817
4818,	19,	4818
4822,	19,	5345
4822,	19,	5346
4823,	19,	4811
4825,	19,	4296
4825,	19,	4297
4825,	19,	4298
4832,	19,	5035
4832,	19,	5036
4841,	19,	4888
4865,	19,	5459
4865,	19,	5460
4865,	19,	5461
4877,	19,	6196
4889,	19,	4888
4921,	19,	4923
4921,	19,	4922
4922,	19,	4921
4924,	19,	4923
4938,	19,	4858
4941,	19,	5451
4952,	19,	4951
4956,	19,	4958
4956,	19,	4959
4995,	19,	4994
5001,	19,	4990
5028,	19,	5062
5031,	19,	5017
5035,	19,	5089
5035,	19,	5090
5035,	19,	5091
5064,	19,	8429
5084,	19,	5108
5090,	19,	5089
5112,	19,	5565
5115,	19,	5114
5119,	19,	5411
5121,	19,	5122
5131,	19,	5130
5143,	19,	5142
5143,	19,	5144
5143,	19,	5145
5144,	19,	4637
5144,	19,	4638
5144,	19,	4639
5153,	19,	5169
5158,	19,	5157
5163,	19,	5185
5178,	19,	5177
5182,	19,	4677
5186,	19,	5185
5221,	19,	5220
5252,	19,	5285
5252,	19,	5286
5252,	19,	5288
5252,	19,	5289
5278,	19,	5277
5314,	19,	5364
5373,	19,	5372
5381,	19,	4858
5401,	19,	5400
5405,	19,	4891
5405,	19,	4892
5405,	19,	4893
5405,	19,	4894
5413,	19,	5412
5413,	19,	5412
5429,	19,	5428
5440,	19,	5439
5446,	19,	5446
5450,	19,	5861
5451,	19,	5449
5451,	19,	5450
5461,	19,	5460
5461,	19,	5460
5469,	19,	4971
5469,	19,	4972
5469,	19,	4973
5469,	19,	4974
5469,	19,	4975
5469,	19,	4976
5482,	19,	5481
5494,	19,	5493
5546,	19,	7339
5554,	19,	5553
5556,	19,	5106
5558,	19,	5107
5558,	19,	5108
5559,	19,	5107
5559,	19,	5108
5562,	19,	5109
5562,	19,	5110
5562,	19,	5111
5562,	19,	5563
5563,	19,	5109
5563,	19,	5110
5563,	19,	5111
5563,	19,	5563
5574,	19,	3824
5600,	19,	5599
5607,	19,	3855
5607,	19,	3856
5613,	19,	5621
5628,	19,	5680
5628,	19,	5680
5646,	19,	5680
5652,	19,	5652
5673,	19,	5689
5673,	19,	5690
5675,	19,	5674
5681,	19,	5267
5681,	19,	5268
5688,	19,	5676
5688,	19,	5677
5690,	19,	5673
5697,	19,	5696
5703,	19,	5740
5711,	19,	5710
5720,	19,	5719
5723,	19,	5722
5760,	19,	6486
5771,	19,	5780
5771,	19,	5781
5772,	19,	5737
5772,	19,	5738
5772,	19,	5739
5782,	19,	5781
5791,	19,	5790
5860,	19,	5887
5866,	19,	6186
5866,	19,	6187
5869,	19,	6260
5869,	19,	6261
5869,	19,	6262
5899,	19,	5926
5899,	19,	5927
5899,	19,	5928
5905,	19,	5914
5948,	19,	5742
5958,	19,	5957
5986,	19,	5556
5986,	19,	5557
5991,	19,	6049
5992,	19,	6289
5992,	19,	6353
5993,	19,	6049
5996,	19,	5798
6000,	19,	4010
6112,	19,	6116
6161,	19,	6160
6179,	19,	6495
6179,	19,	6496
6179,	19,	6497
6313,	19,	8083
6313,	19,	8084
6331,	19,	6330
6332,	19,	6330
6341,	19,	6340
6348,	19,	6347
6351,	19,	6642
6351,	19,	6643
6355,	19,	3076
6373,	19,	6371
6373,	19,	6372
6377,	19,	6376
6389,	19,	6388
6406,	19,	4791
6406,	19,	4792
6433,	19,	7435
6433,	19,	7436
6435,	19,	6434
6441,	19,	6440
6481,	19,	6478
6485,	19,	6484
6506,	19,	6852
6506,	19,	6853
6511,	19,	6221
6531,	19,	6530
6538,	19,	6537
6544,	19,	6543
6546,	19,	6545
6582,	19,	6576
6582,	19,	6577
6599,	19,	6598
6600,	19,	6598
6602,	19,	6601
6622,	19,	6621
6650,	19,	6649
6652,	19,	6650
6672,	19,	6671
6697,	19,	6696
6700,	19,	6699
6700,	19,	6701
6701,	19,	6699
6701,	19,	6700
6704,	19,	6703
6708,	19,	6707
6710,	19,	6718
6730,	19,	6729
6731,	19,	6729
6755,	19,	6754
6755,	19,	6768
6770,	19,	7091
6771,	19,	6444
6771,	19,	6445
6790,	19,	6789
6792,	19,	6791
6817,	19,	6816
6817,	19,	6818
6818,	19,	6817
6818,	19,	2
6822,	19,	6836
6847,	19,	2966
6852,	19,	6203
6860,	19,	6859
6862,	19,	6861
6886,	19,	6885
6886,	19,	2994
6892,	19,	6906
6892,	19,	6909
6894,	19,	6899
6905,	19,	6909
6954,	19,	6951
6968,	19,	6614
6968,	19,	6615
6968,	19,	6616
6971,	19,	6619
6977,	19,	7267
6977,	19,	7268
6978,	19,	7106
6980,	19,	7177
7040,	19,	6985
7040,	19,	6986
7040,	19,	6987
7048,	19,	7047
7053,	19,	7064
7065,	19,	7137
7099,	19,	7121
7099,	19,	7122
7099,	19,	7123
7122,	19,	7121
7122,	19,	7122
7122,	19,	7123
7123,	19,	8926
7128,	19,	7127
7130,	19,	7129
7142,	19,	7141
7156,	19,	7155
7195,	19,	7194
7245,	19,	7244
7245,	19,	7245
7245,	19,	7246
7245,	19,	7247
7252,	19,	7267
7252,	19,	7268
7260,	19,	7246
7264,	19,	7263
7276,	19,	7296
7293,	19,	7292
7312,	19,	7311
7317,	19,	7336
7329,	19,	7326
7337,	19,	7336
7350,	19,	7722
7351,	19,	7538
7351,	19,	7538
7361,	19,	7349
7401,	19,	7399
7480,	19,	7481
7496,	19,	7540
7496,	19,	7541
7515,	19,	7514
7576,	19,	7575
7576,	19,	7577
7577,	19,	7575
7577,	19,	7576
7581,	19,	4421
7633,	19,	7632
7662,	19,	7665
7662,	19,	7666
7662,	19,	7667
7662,	19,	7668
7690,	19,	7689
7703,	19,	7702
7706,	19,	7716
7706,	19,	7718
7710,	19,	7709
7715,	19,	8114
7720,	19,	7713
7729,	19,	7728
7749,	19,	7474
7787,	19,	8180
7792,	19,	7792
7792,	19,	7793
7796,	19,	7795
7806,	19,	7805
7842,	19,	7841
7865,	19,	7897
7898,	19,	7897
7926,	19,	7533
7934,	19,	7962
7934,	19,	7963
7934,	19,	7964
7936,	19,	7935
7936,	19,	1682
7979,	19,	7986
7995,	19,	8378
8010,	19,	8065
8025,	19,	8024
8033,	19,	4097
8048,	19,	8047
8049,	19,	8047
8112,	19,	8129
8113,	19,	8099
8130,	19,	8129
8131,	19,	8147
8131,	19,	8148
8135,	19,	8134
8153,	19,	7853
8161,	19,	8249
8161,	19,	8250
8182,	19,	8199
8190,	19,	8199
8205,	19,	8510
8217,	19,	8217
8224,	19,	8191
8224,	19,	8192
8224,	19,	8193
8224,	19,	8194
8224,	19,	8195
8224,	19,	8196
8224,	19,	8197
8240,	19,	8239
8242,	19,	8539
8242,	19,	8540
8242,	19,	8541
8243,	19,	8544
8280,	19,	8279
8297,	19,	8298
8298,	19,	8312
8298,	19,	8328
8298,	19,	8297
8327,	19,	8282
8327,	19,	8283
8327,	19,	8284
8375,	19,	6258
8375,	19,	6259
8398,	19,	8119
8417,	19,	8700
8417,	19,	8701
8417,	19,	8702
8421,	19,	8422
8421,	19,	8423
8427,	19,	8426
8457,	19,	8515
8457,	19,	8516
8459,	19,	8470
8470,	19,	8450
8497,	19,	8781
8497,	19,	8782
8505,	19,	8515
8513,	19,	8515
8523,	19,	8526
8537,	19,	8858
8548,	19,	8547
8616,	19,	8603
8616,	19,	8604
8676,	19,	8683
8678,	19,	8784
8683,	19,	8676
8741,	19,	8781
8741,	19,	8782
8744,	19,	9160
8744,	19,	9161
8744,	19,	9162
8747,	19,	8742
8747,	19,	8743
8766,	19,	9193
8766,	19,	9194
8766,	19,	9564
8844,	19,	8843
8850,	19,	8849
8867,	19,	8899
8867,	19,	8901
8888,	19,	8887
8889,	19,	8889
8889,	19,	8890
8889,	19,	8891
8889,	19,	8900
8891,	19,	8899
8891,	19,	8901
8898,	19,	8897
8961,	19,	8959
8961,	19,	8960
8963,	19,	8962
8964,	19,	8972
8964,	19,	8973
8964,	19,	8974
8984,	19,	9023
9011,	19,	9212
9011,	19,	9213
9011,	19,	9214
9031,	19,	9031
9052,	19,	9082
9068,	19,	9476
9068,	19,	9478
9086,	19,	8696
9115,	19,	9114
9116,	19,	9114
9124,	19,	9123
9142,	19,	8732
9172,	19,	9173
9173,	19,	9172
9213,	19,	9239
9214,	19,	9900
9214,	19,	9901
9214,	19,	9902
9214,	19,	9903
9217,	19,	9216
9230,	19,	9229
9232,	19,	9231
9241,	19,	5639
9261,	19,	9616
9261,	19,	9617
9272,	19,	9271
9284,	19,	9276
9341,	19,	9331
9341,	19,	9332
9346,	19,	9370
9397,	19,	9395
9397,	19,	9396
9397,	19,	9397
9401,	19,	9400
9401,	19,	9400
9418,	19,	9423
9418,	19,	9424
9434,	19,	9433
9442,	19,	9429
9442,	19,	9430
9476,	19,	9467
9476,	19,	9468
9507,	19,	9515
9532,	19,	8928
9533,	19,	9871
9553,	19,	9552
9617,	19,	9616
9617,	19,	9617
9622,	19,	9621
9627,	19,	9626
9628,	19,	9626
9629,	19,	9626
9642,	19,	9668
9642,	19,	9669
9642,	19,	9671
9647,	19,	9668
9647,	19,	9669
9647,	19,	9671
9649,	19,	9648
9649,	19,	9648
9664,	19,	9594
9693,	19,	9692
9706,	19,	9744
9706,	19,	9745
9786,	19,	9785
9803,	19,	9825
9821,	19,	9820
9830,	19,	9829
9831,	19,	9857
9869,	19,	9868
9905,	19,	9581
9912,	19,	9860
9921,	19,	9920
9963,	19,	9962
9980,	19,	9981
9988,	19,	9990
34,	7,	3
64,	6,	0
81,	7,	0
101,	6,	103
146,	6,	148
187,	6,	188
199,	6,	200
205,	6,	0
206,	7,	0
236,	11,	237
317,	7,	0
365,	13,	0
386,	7,	0
389,	17,	0
411,	2,	412
411,	6,	412
415,	1,	0
416,	7,	307
448,	16,	0
448,	21,	0
465,	2,	0
546,	7,	0
547,	7,	548
554,	21,	935
571,	7,	0
589,	7,	0
624,	6,	0
650,	7,	0
654,	6,	656
686,	6,	687
715,	7,	0
723,	6,	722
745,	6,	746
776,	2,	0
779,	1,	0
779,	6,	0
851,	16,	0
851,	21,	0
975,	16,	0
975,	21,	0
1008,	13,	0
1022,	14,	0
1039,	6,	1040
1048,	13,	0
1069,	17,	1041
1083,	6,	0
1088,	6,	1089
1105,	6,	780
1127,	1,	0
1159,	1,	0
1159,	7,	0
1167,	6,	0
1190,	16,	0
1190,	21,	0
1219,	7,	0
1250,	12,	0
1296,	17,	1336
1303,	16,	0
1303,	21,	0
1305,	1,	0
1324,	7,	0
1326,	7,	0
1327,	7,	0
1331,	6,	0
1356,	7,	0
1357,	7,	0
1378,	16,	0
1378,	21,	0
1392,	21,	0
1393,	13,	1414
1421,	6,	0
1422,	7,	0
1442,	11,	0
1482,	6,	1484
1507,	6,	0
1516,	13,	0
1524,	17,	793
1531,	6,	1519
1549,	1,	0
1551,	6,	1536
1553,	16,	0
1553,	21,	0
1590,	17,	0
1605,	6,	0
1610,	6,	0
1616,	1,	0
1616,	6,	0
1649,	1,	0
1688,	12,	0
1753,	12,	1037
1758,	17,	1759
1761,	7,	0
1771,	7,	1772
1771,	17,	1772
1777,	17,	1778
1782,	6,	0
1845,	12,	0
1858,	17,	1859
1892,	17,	1893
1897,	1,	0
1897,	7,	0
1898,	17,	0
1912,	7,	0
1940,	11,	0
1946,	7,	2027
1982,	17,	1983
1994,	11,	2011
2016,	17,	0
2060,	7,	2448
2078,	7,	0
2081,	6,	2082
2099,	7,	2488
2168,	6,	0
2174,	2,	0
2174,	16,	0
2174,	21,	0
2198,	21,	0
2235,	6,	2238
2247,	7,	0
2276,	17,	2277
2278,	17,	2277
2288,	7,	0
2296,	7,	0
2304,	6,	0
2312,	11,	0
2312,	12,	0
2327,	6,	2319
2336,	7,	0
2338,	7,	0
2411,	7,	0
2452,	7,	0
2461,	6,	2462
2475,	16,	0
2475,	21,	0
2482,	17,	2630
2518,	7,	0
2532,	6,	2533
2539,	16,	0
2539,	21,	0
2543,	1,	0
2564,	7,	0
2600,	17,	2601
2606,	13,	0
2649,	7,	2519
2699,	2,	0
2711,	7,	0
2711,	21,	0
2718,	5,	0
2718,	6,	0
2788,	7,	2914
2794,	7,	0
2830,	16,	0
2830,	21,	0
2850,	6,	0
2864,	7,	2973
2889,	6,	2890
2924,	6,	2923
2949,	7,	0
2957,	7,	0
2966,	6,	0
2968,	7,	0
3004,	7,	0
3020,	12,	3052
3027,	6,	0
3030,	12,	3026
3039,	7,	0
3070,	7,	0
3071,	7,	0
3074,	7,	0
3083,	7,	0
3083,	16,	0
3083,	21,	0
3111,	7,	0
3111,	16,	0
3111,	21,	0
3117,	13,	0
3154,	12,	3162
3158,	6,	3159
3182,	7,	0
3187,	6,	0
3213,	6,	3049
3215,	17,	3216
3236,	17,	0
3259,	6,	3260
3284,	1,	0
3306,	21,	0
3326,	7,	0
3343,	16,	0
3343,	21,	0
3363,	11,	0
3376,	17,	3377
3412,	6,	0
3424,	6,	3403
3432,	7,	0
3586,	7,	0
3588,	6,	3345
3630,	7,	0
3641,	13,	0
3661,	21,	0
3664,	11,	3665
3756,	6,	3757
3763,	13,	0
3802,	6,	0
3811,	7,	0
3820,	1,	0
3820,	6,	0
3838,	7,	0
3861,	7,	0
3869,	1,	0
3940,	16,	0
3940,	21,	0
3977,	17,	3978
3994,	11,	3995
4023,	6,	4024
4068,	6,	4069
4075,	6,	4005
4079,	6,	0
4106,	6,	4049
4108,	6,	4109
4144,	6,	0
4163,	5,	4164
4163,	17,	4164
4165,	17,	4166
4169,	7,	0
4170,	1,	4270
4170,	6,	4270
4170,	7,	4270
4177,	11,	0
4183,	6,	0
4183,	7,	0
4292,	14,	0
4313,	6,	4314
4316,	7,	0
4322,	7,	0
4325,	12,	0
4365,	6,	4366
4396,	6,	4368
4421,	11,	7581
4451,	6,	4266
4464,	6,	4466
4471,	6,	4323
4471,	11,	4323
4485,	6,	0
4496,	17,	4497
4538,	6,	4539
4545,	16,	0
4545,	21,	0
4561,	16,	0
4561,	21,	0
4576,	7,	0
4603,	7,	0
4608,	16,	0
4608,	21,	0
4626,	6,	4627
4631,	1,	0
4639,	7,	0
4643,	7,	0
4665,	6,	0
4716,	11,	0
4728,	16,	0
4728,	21,	0
4754,	6,	4755
4797,	7,	0
4858,	7,	0
4864,	6,	0
4880,	11,	0
4883,	7,	0
4888,	6,	4841
4888,	17,	4841
4899,	6,	0
4906,	6,	0
4923,	6,	4922
4927,	2,	0
4940,	7,	0
4942,	1,	0
4943,	1,	0
4976,	7,	0
4990,	7,	5001
4994,	6,	4995
5000,	7,	0
5003,	17,	5002
5042,	7,	0
5057,	6,	0
5080,	16,	0
5080,	21,	0
5089,	6,	5090
5089,	17,	5090
5114,	6,	5115
5116,	6,	5115
5116,	17,	5115
5120,	6,	0
5122,	6,	5121
5142,	7,	0
5164,	1,	0
5164,	7,	0
5169,	6,	5153
5177,	1,	5178
5177,	6,	5178
5220,	6,	5221
5249,	7,	0
5272,	7,	0
5277,	11,	5278
5320,	7,	0
5340,	7,	0
5348,	12,	0
5387,	7,	0
5410,	6,	0
5428,	6,	5429
5439,	6,	5440
5448,	7,	0
5477,	7,	0
5517,	6,	0
5550,	7,	0
5557,	13,	0
5568,	7,	0
5578,	7,	0
5605,	16,	0
5605,	21,	0
5640,	12,	0
5649,	7,	0
5654,	7,	0
5674,	7,	5675
5674,	17,	5675
5696,	6,	5697
5702,	7,	0
5707,	1,	0
5707,	5,	0
5707,	7,	0
5710,	6,	5711
5717,	7,	0
5781,	6,	5771
5781,	17,	5771
5790,	6,	5791
5792,	7,	0
5861,	6,	5450
5861,	11,	5450
5937,	6,	0
5957,	17,	5958
5977,	1,	0
5977,	6,	0
5990,	7,	0
6091,	7,	0
6116,	6,	6112
6160,	6,	6161
6293,	15,	0
6330,	6,	6332
6334,	1,	0
6347,	6,	6348
6371,	21,	0
6376,	6,	6377
6388,	17,	6389
6392,	6,	0
6393,	6,	0
6431,	6,	0
6434,	6,	6435
6440,	6,	6441
6473,	1,	0
6478,	11,	6481
6512,	16,	0
6512,	21,	0
6517,	6,	0
6518,	7,	0
6530,	6,	6531
6537,	6,	6538
6543,	6,	6544
6545,	6,	6546
6560,	1,	0
6569,	7,	0
6580,	6,	0
6587,	2,	0
6601,	2,	6602
6632,	7,	0
6664,	6,	0
6754,	10,	6755
6761,	7,	0
6773,	7,	0
6784,	17,	0
6802,	6,	0
6816,	12,	6817
6836,	1,	6822
6836,	6,	6822
6871,	1,	0
6885,	6,	6886
6889,	13,	0
6909,	1,	0
6923,	7,	0
6973,	7,	0
6976,	1,	0
6987,	6,	0
6987,	14,	0
7019,	16,	0
7019,	21,	0
7047,	17,	7048
7068,	12,	0
7069,	7,	0
7083,	7,	0
7106,	6,	6978
7137,	6,	7065
7253,	6,	0
7263,	17,	7264
7267,	1,	0
7268,	1,	0
7278,	7,	0
7292,	6,	7293
7296,	6,	7276
7308,	13,	0
7311,	6,	7312
7326,	6,	7329
7349,	13,	7361
7352,	7,	0
7399,	13,	7401
7474,	7,	7749
7543,	6,	0
7545,	6,	0
7557,	7,	0
7632,	6,	7633
7689,	6,	7690
7698,	6,	0
7702,	6,	7703
7724,	7,	8119
7725,	7,	0
7730,	6,	4467
7730,	7,	4467
7734,	6,	0
7734,	7,	0
7736,	7,	0
7754,	6,	0
7795,	17,	7796
7816,	7,	0
7828,	1,	0
7833,	7,	0
7839,	1,	0
7883,	6,	0
7930,	7,	0
7950,	1,	0
7950,	7,	0
7951,	1,	0
7986,	6,	7979
8014,	7,	0
8024,	6,	8025
8026,	5,	0
8026,	6,	0
8032,	1,	0
8032,	7,	0
8034,	16,	0
8034,	21,	0
8051,	1,	0
8051,	7,	0
8092,	1,	0
8119,	7,	7724
8121,	1,	0
8124,	1,	0
8134,	6,	8135
8149,	1,	0
8158,	7,	0
8175,	1,	0
8175,	6,	0
8175,	7,	0
8177,	11,	0
8234,	7,	0
8239,	6,	8240
8312,	6,	8298
8346,	7,	0
8362,	7,	0
8424,	13,	0
8426,	6,	8427
8494,	7,	0
8510,	7,	8205
8522,	7,	0
8565,	11,	0
8596,	13,	0
8597,	7,	0
8603,	18,	0
8619,	1,	0
8686,	1,	0
8717,	16,	0
8717,	21,	0
8722,	6,	0
8737,	1,	0
8737,	7,	0
8743,	6,	0
8761,	6,	0
8772,	13,	0
8774,	7,	0
8781,	1,	8741
8782,	7,	0
8784,	5,	8678
8799,	7,	0
8849,	12,	8850
8882,	12,	8884
8884,	12,	8882
8897,	17,	8898
8899,	6,	8891
8899,	13,	8891
8911,	17,	0
8933,	6,	0
8936,	7,	0
9003,	7,	0
9005,	1,	0
9063,	14,	0
9085,	6,	0
9103,	17,	0
9114,	6,	9116
9123,	6,	9124
9145,	7,	0
9194,	7,	0
9225,	7,	0
9251,	6,	0
9271,	6,	9272
9276,	1,	9284
9276,	6,	9284
9276,	7,	9284
9294,	6,	0
9294,	7,	0
9311,	6,	0
9320,	6,	0
9351,	7,	0
9359,	6,	0
9370,	1,	0
9381,	7,	0
9391,	1,	0
9391,	7,	0
9400,	1,	9401
9400,	6,	9401
9443,	6,	0
9455,	1,	0
9467,	17,	0
9519,	12,	0
9531,	6,	0
9552,	6,	9553
9568,	1,	0
9601,	1,	0
9620,	6,	0
9621,	6,	9622
9654,	6,	0
9669,	1,	0
9674,	1,	0
9785,	6,	9786
9825,	6,	9803
9846,	12,	0
9855,	1,	0
9861,	7,	0
9861,	16,	0
9861,	21,	0
9868,	17,	9869
9871,	6,	0
9920,	17,	9921
9931,	7,	0
9942,	1,	0
9942,	13,	0
9979,	7,	0
9982,	7,	0
9984,	7,	0
9990,	2,	9988
9990,	18,	9988
10010,	7,	0
10011,	7,	0
