0,	0,	s.l.,	0,	0,	0,	,	
1,	1,	Aarau,	1,	58,	0,	47.39254,	8.04422
2,	2,	Aarburg,	1,	58,	0,	47.32067,	7.89986
3,	3,	Aarwangen,	31,	58,	0,	47.23845,	7.76854
4,	4,	Aeugst,	19,	58,	0,	47.26910,	8.50213
5,	5,	Allgäu,	26,	18,	0,	11.6243293,	47.7852787
6,	6,	Altdorf,	186,	58,	0,	46.88177,	8.6439
7,	7,	Altenklingen,	179,	58,	0,	47.60264,	9.07916
8,	8,	Altnau,	179,	58,	0,	9.260705,	47.61241
9,	9,	Altstätten,	169,	58,	0,	9.5412765,	47.3783471
10,	10,	Alzano Lombardo,	94,	30,	0,	9.730494,	45.7336026
11,	11,	Amberg,	26,	18,	0,	49.44287,	11.86267
12,	12,	Anno,	0,	0,	0,	49.61236,	40.20544
13,	13,	Antorff,	0,	0,	0,	,	
14,	14,	Antwerpen,	0,	0,	0,	51.22047,	4.40026
15,	15,	Augsburg,	26,	18,	0,	48.37154,	10.89851
16,	16,	Auschwitz,	80,	48,	0,	50.03437,	19.21037
17,	17,	Backnang,	16,	18,	0,	48.94743,	9.43718
18,	18,	Baden,	109,	28,	0,	47.47333,	8.30592
19,	18,	Oberbaden,	0,	0,	0,	,	
20,	18,	Ober-Baden,	16,	18,	0,	9.575652321062627,	49.284055800000004
21,	21,	Baden-Baden,	16,	18,	0,	48.76194,	8.24083
22,	22,	Balgach,	169,	58,	0,	47.40556,	9.60702
23,	23,	Balingen,	16,	18,	0,	8.8557862,	48.2737512
24,	24,	Balzheim,	16,	18,	0,	10.07677,	48.1713561
25,	25,	Basel,	23,	58,	0,	47.55839,	7.57327
26,	26,	Baxterley,	0,	0,	0,	52.57066,	-1.59490
27,	27,	Bedford,	0,	0,	0,	52.13459,	-0.46632
28,	28,	Belp,	31,	58,	0,	46.89129,	7.49825
29,	29,	Bem,	0,	0,	0,	,	
30,	30,	Berg,	0,	0,	0,	46.82107,	8.40133
31,	31,	Berg am Irchel,	208,	58,	0,	47.56228,	8.59305
32,	32,	Bergamo,	94,	30,	0,	45.69601,	9.66721
33,	33,	Bergell,	94,	30,	0,	9.619274031019128,	46.268390800000006
34,	34,	Berleburg,	69,	18,	0,	51.05224,	8.39227
35,	34,	Berlaburg,	164,	55,	0,	51.04766,	8.39252
36,	36,	Berlin,	27,	18,	0,	52.52437,	13.41053
37,	37,	Bern,	31,	58,	0,	46.94809,	7.44744
38,	38,	Bernang,	0,	0,	0,	47.666663,	9.016657
39,	39,	Bernhausen,	16,	18,	0,	47.52703,	9.23821
40,	40,	Betschwanden,	51,	58,	0,	9.0274873,	46.9464235
41,	41,	Biberach,	16,	18,	0,	9.7899938,	48.0984413
42,	42,	Biberstein,	1,	58,	0,	47.41641,	8.08508
43,	43,	Bichau,	0,	0,	0,	,	
44,	44,	Biecz,	0,	0,	0,	49.73596,	21.26301
45,	45,	Biel,	109,	28,	0,	47.13713,	7.24608
46,	46,	Bischofszell,	179,	58,	0,	47.49575,	9.23882
47,	47,	Bishopstorpe,	0,	0,	0,	53.918722,	-1.100807
48,	48,	Blaubeuren,	16,	18,	0,	48.41215,	9.78427
49,	49,	Blumenthal,	159,	18,	0,	10.0019426,	54.2263979
50,	50,	Bocksberg,	154,	18,	0,	50.62867,	10.71644
51,	51,	Bologna,	44,	30,	0,	44.49381,	11.33875
52,	52,	Bonn,	125,	18,	0,	7.10066,	50.735851
53,	53,	Boppelsen,	208,	58,	0,	8.4026156,	47.4708527
54,	54,	Borssum,	118,	18,	0,	10.5785376,	52.0694815
55,	55,	Bourges,	109,	28,	0,	2.398932,	47.0805693
56,	56,	Bradgate,	0,	0,	0,	52.68857,	-1.20606
57,	57,	Bremen,	32,	18,	0,	53.07582,	8.80717
58,	58,	Bremgarten,	31,	58,	0,	7.4374969,	46.9767749
59,	59,	Breisach,	16,	18,	0,	7.5894944,	48.026872
60,	59,	Breisach am Rhein,	16,	18,	0,	7.5806123,	48.0291415
61,	61,	Brescia,	94,	30,	0,	10.4258729694612,	45.77958045
62,	62,	Breslau,	121,	48,	0,	51.10000,	17.03333
63,	63,	Brest,	109,	28,	0,	52.09755,	23.68775
64,	63,	Brest-Litowsk,	36,	82,	0,	23.6856777,	52.1165947
65,	65,	Brugg,	1,	58,	0,	47.47776,	8.17798
66,	66,	Bubikon,	208,	58,	0,	47.26698,	8.81790
67,	67,	Buchs,	208,	58,	0,	8.4378662,	47.458087
68,	68,	Burg Hohen-Aschau,	26,	18,	0,	47.765724,	12.322122
69,	69,	Burg Rheinfelden,	1,	58,	0,	47.554834,	7.789599
70,	70,	Burg Tarnow,	80,	48,	0,	49.989167,	20.9975
71,	71,	Burgund,	109,	28,	0,	47.25000,	4.16667
72,	72,	Burtenbach,	26,	18,	0,	48.34051,	10.45280
73,	73,	Buschhoven,	125,	18,	0,	50.68213,	6.97770
74,	74,	Bußnang,	179,	58,	0,	9.0797264,	47.5580779
75,	75,	Böblingen,	16,	18,	0,	9.0113444,	48.684969
76,	76,	Böhmen,	181,	18,	0,	10.636371225900305,	51.128251
77,	77,	Bülach,	208,	58,	0,	47.45152,	8.58491
78,	78,	Bünden,	44,	30,	0,	11.410807,	44.886177
79,	79,	Calcinato,	94,	30,	0,	45.45739,	10.40949
80,	80,	Calvidum,	0,	0,	0,	,	
81,	81,	Cambridge,	0,	0,	0,	52.20000,	0.11667
82,	82,	Casaccia,	142,	30,	0,	46.39105,	9.66609
83,	83,	Caspano,	94,	30,	0,	46.16924,	9.59999
84,	84,	Český,	152,	68,	0,	17.0134747,	48.267015
85,	85,	Cham,	26,	18,	0,	47.18213,	8.46358
86,	86,	Chambéry,	109,	28,	0,	45.56628,	5.92079
87,	87,	Chavannes,	109,	28,	0,	4.92539,	45.1045
88,	88,	Chiavenna,	94,	30,	0,	46.32063,	9.39816
89,	88,	Ciavéna,	94,	30,	0,	9.3981218,	46.3199792
90,	88,	Cläven,	94,	30,	0,	9.3981218,	46.3199792
91,	88,	Cleven,	94,	30,	0,	9.4050242,	46.3195444
92,	88,	Kleven,	0,	0,	0,	,	
93,	93,	Chur,	57,	58,	0,	46.84986,	9.53287
94,	94,	Châtillon,	109,	28,	0,	46.83053,	6.83146
95,	94,	Châtillon-sur-Loing,	109,	28,	0,	2.773447,	47.9549066
96,	96,	Colmar,	109,	28,	0,	48.08078,	7.35584
97,	97,	Compagnie,	109,	28,	0,	52.98968,	6.89382
98,	98,	Coventry,	0,	0,	0,	52.40656,	-1.51217
99,	99,	Cremona,	94,	30,	0,	45.1332500,	10.0212900
100,	100,	Danzig,	150,	48,	0,	54.35227,	18.64912
101,	100,	Gdańsk,	150,	48,	0,	18.62821847557274,	54.36143405
102,	100,	Gduńsk,	150,	48,	0,	18.62821847557274,	54.36143405
103,	103,	Davos,	57,	58,	0,	46.80429,	9.83723
104,	103,	Tavate,	0,	0,	0,	,	
105,	105,	Debrezin,	4,	77,	0,	21.6259782,	47.531399
106,	106,	Dießenhofen,	179,	58,	0,	8.7492673,	47.6875317
107,	106,	Diessenhofen,	179,	58,	0,	47.66134,	8.70332
108,	108,	Dieuze,	109,	28,	0,	6.7179948,	48.8104847
109,	108,	Duss,	109,	28,	0,	6.7179948,	48.8104847
110,	108,	Duß,	109,	28,	0,	6.7179948,	48.8104847
111,	111,	Domleschg,	0,	0,	0,	,	
112,	112,	Donauwörth,	26,	18,	0,	10.7807299,	48.7180364
113,	113,	Dover,	0,	0,	0,	,	
114,	114,	Dresden,	154,	18,	0,	13.7381437,	51.0493286
115,	115,	Dubiecko,	0,	0,	0,	,	
116,	115,	Dubiecz,	99,	48,	0,	22.8313889,	52.025
117,	117,	Duisburg,	125,	18,	0,	51.43247,	6.76516
118,	118,	Durham,	0,	0,	0,	,	
119,	119,	Dürnten,	208,	58,	0,	8.842203,	47.2778545
120,	120,	Düsseldorf,	125,	18,	0,	6.7763137,	51.2254018
121,	120,	Regierungsbezirk Düsseldorf,	125,	18,	0,	6.7636089,	51.2230452
122,	122,	Eglisau,	208,	58,	0,	8.5239827,	47.5733207
123,	123,	Eibenschitz,	0,	0,	0,	,	
124,	124,	Eichstätt,	26,	18,	0,	11.1838965,	48.8933417
125,	125,	Elgg,	208,	58,	0,	47.49715,	8.86523
126,	126,	Elsass,	109,	28,	0,	7.4074699518555,	48.24917645
127,	127,	Ely,	0,	0,	0,	46.36604,	6.17196
128,	128,	Embrach,	208,	58,	0,	8.5941089,	47.5056384
129,	129,	Emden,	118,	18,	0,	53.36745,	7.20778
130,	130,	Entringen,	109,	28,	0,	6.1047846,	49.4134098
131,	131,	Eppingen,	16,	18,	0,	49.13645,	8.91229
132,	132,	Erbach,	16,	18,	0,	9.8913803,	48.3274603
133,	133,	Erfurt,	181,	18,	0,	50.97870,	11.03283
134,	134,	Erlenbach,	109,	28,	0,	46.66021,	7.55445
135,	135,	Esslingen,	16,	18,	0,	47.28325,	8.71038
136,	136,	Farnham Castle,	0,	0,	0,	51.21877,	-0.80263
137,	137,	Fehraltorf,	208,	58,	0,	47.38775,	8.75149
138,	138,	Feiburg,	31,	58,	0,	7.1601254,	47.0390043
139,	139,	Feldlager,	155,	18,	0,	11.5503429,	52.5128043
140,	140,	Ferrara,	44,	30,	0,	44.83333,	11.61667
141,	141,	Fideris,	57,	58,	0,	46.91627,	9.74145
142,	142,	Fischingen,	16,	18,	0,	7.5999972,	47.650005
143,	143,	Forstegg,	156,	46,	0,	47.24992,	9.49800
144,	144,	Franeker,	0,	0,	0,	,	
145,	145,	Frankenthal,	153,	18,	0,	49.53414,	8.35357
146,	146,	Frankfurt,	69,	18,	0,	50.11552,	8.68417
147,	146,	Frankfurt am Main,	69,	18,	0,	8.6820917,	50.1106444
148,	148,	Frauenfeld,	179,	58,	0,	47.55776,	8.89893
149,	149,	Freiburg,	16,	18,	0,	46.80237,	7.15128
150,	150,	Friedberg,	26,	18,	0,	47.64541,	8.92735
151,	151,	Friedewald,	153,	18,	0,	50.88333,	9.86667
152,	152,	Frzeslawicz,	0,	0,	0,	,	
153,	153,	Fulham,	0,	0,	0,	51.48026,	-0.19930
154,	154,	Füssen,	26,	18,	0,	10.6977089,	47.5709212
155,	155,	Gachnang,	179,	58,	0,	47.53935,	8.85311
156,	156,	Genf,	50,	58,	0,	46.20222,	6.14569
157,	157,	Gent,	0,	0,	0,	,	
158,	158,	Gernersheim,	0,	0,	0,	,	
159,	159,	Gerzensee,	31,	58,	0,	7.5431319,	46.8380937
160,	160,	Giengen,	16,	18,	0,	10.2369225,	48.6200015
161,	161,	Gilford,	0,	0,	0,	51.23536,	-0.57427
162,	162,	Girenbad,	208,	58,	0,	47.45216,	8.84660
163,	163,	Glarus,	51,	58,	0,	47.04057,	9.06804
164,	164,	Gloucester,	0,	0,	0,	51.86568,	-2.24310
165,	165,	Gossau,	169,	58,	0,	9.249359,	47.4155906
166,	166,	Graubünden,	57,	58,	0,	46.65870,	9.62296
167,	167,	Greenwich,	0,	0,	0,	51.47687,	-0.00041
168,	168,	Grießenberg,	16,	18,	0,	9.1498387,	47.7238293
169,	168,	Grießenbergi,	0,	0,	0,	,	
170,	168,	Griessenberg,	16,	18,	0,	9.1498387,	47.7238293
171,	168,	Griesenberg,	179,	58,	0,	9.0129539,	47.5685382
172,	172,	Groningen,	58,	42,	0,	53.21917,	6.56667
173,	173,	Grönenbach,	26,	18,	0,	47.87714,	10.22207
174,	174,	Grüningen,	208,	58,	0,	8.7613283,	47.2819396
175,	175,	Guildford,	0,	0,	0,	51.23536,	-0.57427
176,	176,	Gundelfingen,	16,	18,	0,	48.04246,	7.86570
177,	176,	Gundelfingen an der Donau,	26,	18,	0,	10.3675015,	48.552433
178,	178,	Gunzenhausen,	26,	18,	0,	49.11663,	10.75971
179,	179,	Gyrenbad,	208,	58,	0,	47.45216,	8.84660
180,	180,	Gyrsberg,	0,	0,	0,	,	
181,	181,	Gyula,	4,	77,	0,	46.65000,	21.28333
182,	182,	Göppingen,	16,	18,	0,	48.70354,	9.65209
183,	183,	Görlitz,	154,	18,	0,	14.991018,	51.1563185
184,	184,	Güttingen,	16,	18,	0,	47.60349,	9.28742
185,	185,	Hagenau,	109,	28,	0,	7.7885978,	48.8172236
186,	186,	Haldenstein,	57,	58,	0,	46.87867,	9.52618
187,	187,	Hall,	0,	0,	0,	,	
188,	187,	Hall in Tirol,	182,	46,	0,	47.28333,	11.51667
189,	189,	Hallwil,	1,	58,	0,	8.1750054,	47.329448
190,	190,	Hamburg,	66,	18,	0,	53.55073,	9.99302
191,	191,	Handschuhsheim,	16,	18,	0,	49.42705,	8.68468
192,	192,	Hausen,	153,	18,	0,	7.3755998,	49.8717319
193,	193,	Hedelfingen,	16,	18,	0,	48.75815,	9.25523
194,	194,	Heideck,	26,	18,	0,	49.13365,	11.12726
195,	195,	Heidelberg,	16,	18,	0,	49.41222,	8.71000
196,	196,	Heiningen,	16,	18,	0,	52.86667,	12.61667
197,	197,	Herisau,	7,	58,	0,	47.38615,	9.27916
198,	198,	Hessen,	69,	18,	0,	9.1909725,	50.6118537
199,	199,	Hettingen,	16,	18,	0,	9.2327122,	48.2174018
200,	200,	Hinwil,	208,	58,	0,	47.32640,	8.79779
201,	201,	Hirzel,	208,	58,	0,	47.22660,	8.61113
202,	202,	Hohentwiel,	16,	18,	0,	8.818945,	47.7647523
203,	203,	Holborn,	0,	0,	0,	58.61667,	-3.53333
204,	204,	Homberg,	153,	18,	0,	51.033056,	9.4
205,	205,	Hona,	0,	0,	0,	58.65017,	7.66140
206,	206,	Horburg,	26,	18,	0,	48.08106,	7.39380
207,	207,	Horgen,	208,	58,	0,	8.5976831,	47.260692
208,	208,	Horn,	124,	42,	0,	48.663889,	15.657222
209,	209,	Hotteln,	118,	18,	0,	52.25481,	9.90864
210,	210,	Hunaweier,	109,	28,	0,	7.3135785,	48.1814177
211,	211,	Hundwil,	7,	58,	0,	9.3181801,	47.3659158
212,	212,	Höchstädt,	153,	18,	0,	8.2109957,	49.2416656
213,	212,	Höchstädt an der Donau,	26,	18,	0,	10.5670984,	48.6114313
214,	214,	Höngg,	208,	58,	0,	47.40313,	8.49710
215,	215,	Imola,	44,	30,	0,	11.7141233,	44.3535145
216,	216,	Ingolstadt,	26,	18,	0,	48.76508,	11.42372
217,	217,	Innsbruck,	182,	46,	0,	47.26266,	11.39454
218,	218,	Irchel,	208,	58,	0,	8.6069735,	47.5402858
219,	219,	Isny,	16,	18,	0,	10.033669207373844,	47.691684949999996
220,	220,	Iwanowicz,	0,	0,	0,	,	
221,	220,	Ivanowicz,	0,	0,	0,	,	
222,	220,	Iwanowicze,	0,	0,	0,	,	
223,	223,	Jenins,	57,	58,	0,	47.00149,	9.55657
224,	224,	Jonschwil,	169,	58,	0,	9.0865706,	47.4231947
225,	225,	Justingen,	16,	18,	0,	9.6642773,	48.3881996
226,	226,	Kalden,	26,	18,	0,	10.1981328,	47.8227199
227,	227,	Kappel am Albis,	208,	58,	0,	8.5251335,	47.2288482
228,	227,	Kappel,	159,	18,	0,	47.22880,	8.52722
229,	229,	Kassel,	69,	18,	0,	51.31667,	9.50000
230,	230,	Kaufbeuren,	26,	18,	0,	47.88238,	10.62192
231,	231,	Kempten,	26,	18,	0,	47.33319,	8.80982
232,	232,	Kilchberg,	208,	58,	0,	47.32438,	8.54548
233,	233,	Kirchberg,	109,	28,	0,	47.08538,	7.58288
234,	234,	Kleck,	137,	82,	0,	26.6388395,	53.0677448
235,	235,	Klettgau,	16,	18,	0,	8.4089759,	47.635682
236,	236,	Kloten,	208,	58,	0,	8.5861477,	47.4525133
237,	236,	Rohr bei Kloten,	208,	58,	0,	8.5505463,	47.4440531
238,	238,	Köln,	125,	18,	0,	50.93333,	6.95000
239,	238,	Regierungsbezirk Köln,	125,	18,	0,	6.838335160862411,	50.786606899999995
240,	240,	Kolding,	175,	21,	0,	9.47905,	55.4894999
241,	241,	Konstanz,	16,	18,	0,	47.66330,	9.17590
242,	242,	Kopenhagen,	68,	21,	0,	12.5700724,	55.6867243
243,	243,	Krafftheim,	0,	0,	0,	,	
244,	244,	Krakau,	80,	48,	0,	50.06143,	19.93658
245,	245,	Kronstadt,	84,	51,	0,	25.6102746,	45.6523093
246,	246,	Krumau,	71,	73,	0,	48.81091,	14.31521
247,	247,	Krumlov,	71,	73,	0,	14.3149994,	48.810678
248,	248,	Krummenau,	153,	18,	0,	7.2729448,	49.8902939
249,	249,	Kuenshein,	0,	0,	0,	,	
250,	250,	Kyburg,	208,	58,	0,	47.45569,	8.74476
251,	251,	Köln,	125,	18,	0,	50.93333,	6.95000
252,	252,	Königsberg,	130,	55,	0,	54.73330,	20.48330
253,	253,	Königsfelden,	1,	58,	0,	47.48026,	8.21782
254,	254,	Küsnacht,	208,	58,	0,	8.5830859,	47.3176276
255,	255,	La Rochelles,	109,	28,	0,	2.916424,	48.9713122
256,	255,	La Rochelle,	109,	28,	0,	-1.1520434,	46.1591126
257,	255,	Rochelle,	109,	28,	0,	-1.1520434,	46.1591126
258,	255,	Rochelles,	109,	28,	0,	47.33230,	7.12409
259,	259,	Lambeth,	0,	0,	0,	51.49567,	-0.11988
260,	260,	Landshut,	26,	18,	0,	48.53722,	12.15222
261,	261,	Langenthal,	153,	18,	0,	47.21526,	7.79607
262,	262,	Laufen,	26,	18,	0,	12.898727934563036,	47.927908200000005
263,	263,	Lauingen,	26,	18,	0,	48.56775,	10.42706
264,	264,	Lausanne,	195,	58,	0,	46.51600,	6.63282
265,	265,	Lavin,	57,	58,	0,	46.76726,	10.11062
266,	266,	Leeder,	26,	18,	0,	47.935075,	10.826853
267,	267,	Leipzig,	154,	18,	0,	51.33962,	12.37129
268,	268,	Lenzburg,	1,	58,	0,	47.38853,	8.17503
269,	269,	Leslau,	0,	0,	0,	,	
270,	270,	Leutmerken,	179,	58,	0,	47.56506,	9.03488
271,	271,	Lichtenberg,	109,	28,	0,	7.4812268,	48.9212959
272,	272,	Lichtensteig,	169,	58,	0,	9.0874862,	47.3231436
273,	273,	Ligerz,	31,	58,	0,	47.08368,	7.13476
274,	274,	Lindau,	26,	18,	0,	47.44299,	8.67362
275,	275,	Litopolis,	0,	0,	0,	,	
276,	276,	Litowsk,	36,	82,	0,	23.6851851,	52.093751
277,	277,	Locarno,	178,	58,	0,	46.17086,	8.79953
278,	278,	Lohrbach,	69,	18,	0,	49.40035,	9.13784
279,	279,	London,	0,	0,	0,	51.50853,	-0.12574
280,	279,	London-Lambeth,	0,	0,	0,	51.46593,	-0.10652
281,	281,	Lublin,	99,	48,	0,	51.25000,	22.56667
282,	282,	Ludham,	0,	0,	0,	52.70473,	1.56135
283,	283,	Luzern,	100,	58,	0,	47.05048,	8.30635
284,	284,	Lyon,	109,	28,	0,	45.75888,	4.84139
285,	285,	Lübeck,	159,	18,	0,	53.86893,	10.68729
286,	286,	Magdeburg,	155,	18,	0,	52.12773,	11.62916
287,	287,	Maggiatal,	0,	0,	0,	,	
288,	288,	Maienfeld,	57,	58,	0,	47.00472,	9.53115
289,	289,	Mailand,	94,	30,	0,	45.46427,	9.18951
290,	290,	Mainz,	153,	18,	0,	49.98419,	8.27910
291,	291,	Malans,	109,	28,	0,	6.0295996,	47.0471927
292,	292,	Manslacht,	0,	0,	0,	,	
293,	293,	Marbach,	169,	58,	0,	9.5686092,	47.3919868
294,	294,	Marburg,	69,	18,	0,	50.80904,	8.77069
295,	295,	Martiliasi,	0,	0,	0,	,	
296,	296,	Maschwanden,	208,	58,	0,	8.4266177,	47.2349836
297,	297,	Maulbronn,	16,	18,	0,	48.99958,	8.80337
298,	298,	Maur,	208,	58,	0,	8.6692369,	47.3402856
299,	299,	Meilen,	208,	58,	0,	47.27920,	8.66259
300,	300,	Melschtin,	0,	0,	0,	,	
301,	301,	Melsungen,	69,	18,	0,	51.13029,	9.55236
302,	302,	Memmingen,	26,	18,	0,	47.98372,	10.18527
303,	303,	Mesericz,	0,	0,	0,	,	
304,	304,	Metz,	109,	28,	0,	47.34878,	7.35582
305,	305,	Misox,	57,	58,	0,	46.39390,	9.23333
306,	306,	Mittelstetten,	26,	18,	0,	48.20468,	10.76511
307,	307,	Moers,	125,	18,	0,	51.45342,	6.63260
308,	308,	Moldau,	161,	73,	0,	13.6572267,	50.7206305
309,	309,	Montbéliard,	109,	28,	0,	47.21633,	6.90996
310,	310,	Montpellier,	109,	28,	0,	43.61092,	3.87723
311,	311,	Morbegno,	94,	30,	0,	46.13720,	9.57415
312,	312,	Morges,	195,	58,	0,	6.498317,	46.5093268
313,	313,	Mosbach,	16,	18,	0,	49.35357,	9.15106
314,	314,	Mödingen,	26,	18,	0,	10.4320763,	48.6428643
315,	315,	Mömpelgard,	109,	28,	0,	47.50957,	6.79823
316,	316,	Mömpelgart,	0,	0,	0,	47.50957,	6.79823
317,	317,	Mülhausen,	109,	28,	0,	47.75205,	7.32866
318,	318,	München,	26,	18,	0,	48.13743,	11.57549
319,	319,	Neuburg,	106,	18,	0,	47.64959,	8.93524
320,	319,	Neuburg an der Donau,	26,	18,	0,	11.1795268,	48.7371951
321,	321,	Neuenburg,	116,	58,	0,	46.99179,	6.93100
322,	322,	Neumarkt,	26,	18,	0,	11.4594662,	49.279624
323,	323,	Neunform,	0,	0,	0,	,	
324,	323,	Oberneunform,	0,	0,	0,	,	
325,	323,	Ober-Neunform,	0,	0,	0,	,	
326,	323,	(Ober-)Neunform,	0,	0,	0,	,	
327,	327,	Neunkirch,	109,	28,	0,	47.69012,	8.49981
328,	328,	Niederhone,	69,	18,	0,	10.0077392,	51.1993008
329,	329,	Niederurnen,	51,	58,	0,	9.0547397,	47.1257569
330,	330,	Niederweningen,	208,	58,	0,	8.3785734,	47.5050416
331,	331,	Norden,	118,	18,	0,	53.59472,	7.20222
332,	332,	Norwich,	0,	0,	0,	52.62783,	1.29834
333,	333,	Noyon,	109,	28,	0,	3.0000288,	49.5805561
334,	333,	Noviomagus Veromanduorum,	0,	0,	0,	,	
335,	335,	Nozereth,	0,	0,	0,	,	
336,	336,	Nozeroy,	109,	28,	0,	6.0358513,	46.7742329
337,	337,	Nyon,	195,	58,	0,	46.38318,	6.23955
338,	338,	Nîmes,	109,	28,	0,	43.83378,	4.35962
339,	338,	Nimes,	109,	28,	0,	43.83378,	4.35962
340,	340,	Nördlingen,	26,	18,	0,	10.4885873,	48.8516578
341,	341,	Nürnberg,	26,	18,	0,	49.45421,	11.07752
342,	342,	Oberglatt,	208,	58,	0,	47.47576,	8.51896
343,	343,	Oberlausitz,	154,	18,	0,	51.16667,	14.33333
344,	344,	Oldersum,	118,	18,	0,	7.3386285,	53.328898
345,	345,	Oransko,	0,	0,	0,	,	
346,	346,	Orbe,	195,	58,	0,	46.72504,	6.53069
347,	347,	Orléans,	109,	28,	0,	1.9086066,	47.9027336
348,	348,	Orthius,	0,	0,	0,	,	
349,	349,	Osnabrück,	118,	18,	0,	8.049741,	52.266837
350,	350,	Osseko,	0,	0,	0,	,	
351,	351,	Osweczin,	0,	0,	0,	,	
352,	352,	Oswiecim,	80,	48,	0,	50.03437,	19.21037
353,	353,	Otelfingen,	208,	58,	0,	8.3892173,	47.460873
354,	354,	Othmarsingen,	1,	58,	0,	8.2162901,	47.4023481
355,	355,	Ottenbach,	16,	18,	0,	47.28228,	8.40432
356,	356,	Oxford,	0,	0,	0,	51.75222,	-1.25596
357,	357,	Padua,	192,	30,	0,	45.40797,	11.88586
358,	358,	Paris,	109,	28,	0,	48.85660,	2.35166
359,	359,	Payerne,	195,	58,	0,	46.82192,	6.93817
360,	360,	Pelsnica,	0,	0,	0,	,	
361,	360,	Pelsnicze,	0,	0,	0,	,	
362,	362,	Petrikau,	0,	0,	0,	51.40547,	19.70321
363,	362,	Piotrków,	0,	0,	0,	,	
364,	364,	Pewsum,	118,	18,	0,	7.0950977,	53.4361145
365,	365,	Pfalz,	118,	18,	0,	10.424768531182796,	51.90263795
366,	366,	Pforzheim,	16,	18,	0,	48.88436,	8.69892
367,	367,	Pfyn,	179,	58,	0,	47.59693,	8.95420
368,	368,	Pinczow,	147,	48,	0,	50.52052,	20.52649
369,	369,	Pinegow,	0,	0,	0,	,	
370,	370,	Plurs,	94,	30,	0,	46.32979,	9.42064
371,	371,	Poissy,	109,	28,	0,	48.92902,	2.04952
372,	372,	Polen,	0,	0,	0,	52.2,	21.01
373,	373,	Pontresina,	57,	58,	0,	9.9042965,	46.489993
374,	374,	Posonium,	152,	68,	0,	48.14816,	17.10674
375,	375,	Promontogno,	57,	58,	0,	46.33939,	9.55759
376,	376,	Przeslawicz,	0,	0,	0,	,	
377,	377,	Puschlav,	57,	58,	0,	46.32441,	10.05823
378,	378,	Querceto,	184,	30,	0,	43.29441,	10.72779
379,	379,	Radziejow,	0,	0,	0,	,	
380,	380,	Rafz,	208,	58,	0,	47.60438,	8.54305
381,	381,	Ramsen,	153,	18,	0,	8.0133261,	49.5369008
382,	382,	Rappoltstein,	0,	0,	0,	48.19510,	7.31938
383,	383,	Rappoltsweiler,	109,	28,	0,	48.19510,	7.31938
384,	383,	Rappoldsweiler,	16,	18,	0,	9.8087431,	49.2747947
385,	385,	Rappoltweiler,	0,	0,	0,	,	
386,	386,	Rauschenberg,	69,	18,	0,	50.88329,	8.91864
387,	387,	Ravensburg,	16,	18,	0,	47.78198,	9.61062
388,	388,	Regensburg,	26,	18,	0,	49.01513,	12.10161
389,	389,	Reichenweier,	109,	28,	0,	48.16672,	7.29707
390,	390,	Reutlingen,	16,	18,	0,	47.52782,	8.75086
391,	391,	Rheinau,	16,	18,	0,	47.63277,	8.60251
392,	392,	Rheineck,	169,	58,	0,	47.46630,	9.59028
393,	393,	Rheinfelden,	1,	58,	0,	47.55437,	7.79403
394,	394,	Richmond,	0,	0,	0,	51.44269,	-0.28371
395,	395,	Rickenbach,	16,	18,	0,	47.552776,	8.796108
396,	396,	Ringgen,	26,	18,	0,	10.2706112,	47.620893
397,	397,	Roborst,	0,	0,	0,	,	
398,	397,	Borst,	0,	0,	0,	,	
399,	397,	Bost,	109,	28,	0,	3.51931,	46.1788913
400,	400,	Rohr,	109,	28,	0,	7.5470504,	48.6961101
401,	401,	Rohrenfels,	26,	18,	0,	48.68654,	11.15619
402,	402,	Rolle,	195,	58,	0,	46.45820,	6.33499
403,	403,	Rom,	89,	30,	0,	41.88333,	12.48330
404,	404,	Romrath,	0,	0,	0,	,	
405,	405,	Rostock,	106,	18,	0,	54.08870,	12.14049
406,	406,	Roth,	26,	18,	0,	11.056652343301323,	49.1952934
407,	407,	Rothenstein,	181,	18,	0,	47.866948,	10.203037
408,	408,	Rottenstein,	26,	18,	0,	47.866948,	10.203037
409,	409,	Rottweil,	16,	18,	0,	8.6251283,	48.165531
410,	410,	Ruremond,	0,	0,	0,	,	
411,	411,	Russikon,	208,	58,	0,	47.39669,	8.77515
412,	412,	Rötteln,	16,	18,	0,	47.63237,	7.65936
413,	413,	Rüti,	31,	58,	0,	7.4064259,	47.1512217
414,	414,	Saanen,	31,	58,	0,	7.2615837,	46.489756
415,	415,	Sachsen,	154,	18,	0,	13.4585052,	50.9295798
416,	416,	Salisbury,	0,	0,	0,	51.06931,	-1.79569
417,	417,	Samaden,	94,	30,	0,	46.53399,	9.87276
418,	417,	Samedan,	57,	58,	0,	9.874586,	46.5332403
419,	419,	Schaffhausen,	157,	58,	0,	47.69732,	8.63493
420,	420,	Schafis,	31,	58,	0,	7.1282894,	47.0817304
421,	421,	Scharfenort,	0,	0,	0,	54.30000,	18.65000
422,	422,	Schattenhalb,	31,	58,	0,	8.1921668,	46.71741
423,	423,	Scherzingen,	16,	18,	0,	7.735524344501117,	47.946512
424,	424,	Scherzligen,	31,	58,	0,	7.6362680587544896,	46.7473358
425,	425,	Schlachteck,	0,	0,	0,	,	
426,	426,	Schleiden,	125,	18,	0,	50.52896,	6.47692
427,	427,	Schlesien,	106,	18,	0,	51.00000,	18.00000
428,	428,	Schlettstadt,	109,	28,	0,	7.454217,	48.2594396
429,	428,	Sélestat,	109,	28,	0,	7.454217,	48.2594396
430,	428,	Sélestat,	109,	28,	0,	7.454217,	48.2594396
431,	428,	Schlestadt,	0,	0,	0,	,	
432,	432,	Schleusingen,	181,	18,	0,	50.51076,	10.75658
433,	433,	Schopfheim,	16,	18,	0,	47.65105,	7.82089
434,	434,	Schramberg,	16,	18,	0,	8.3852168,	48.225478
435,	435,	Schwanden,	51,	58,	0,	46.99541,	9.07010
436,	436,	Secomini,	0,	0,	0,	,	
437,	437,	Sem,	109,	28,	0,	47.11605,	8.19597
438,	438,	Sendomir,	0,	0,	0,	,	
439,	439,	Siebenbürgen,	118,	18,	0,	10.9119437,	52.2488292
440,	440,	Siena,	0,	0,	0,	43.31822,	11.33064
441,	441,	Sils im,	77,	70,	0,	2.7414651,	41.8089441
442,	442,	Sittaw,	0,	0,	0,	,	
443,	443,	Sitten,	199,	58,	0,	46.22739,	7.35559
444,	444,	Solangio,	178,	58,	0,	8.7055489,	46.1144426
445,	445,	Solothurn,	165,	58,	0,	47.20791,	7.53714
446,	446,	Sondrio,	94,	30,	0,	46.60947,	10.18106
447,	447,	Spangenberg,	69,	18,	0,	51.11644,	9.66270
448,	448,	Speier,	69,	18,	0,	49.32083,	8.43111
449,	449,	Speyer,	153,	18,	0,	49.32083,	8.43111
450,	450,	St.Gallen,	169,	58,	0,	9.3765878,	47.4250593
451,	450,	St. Gallen,	169,	58,	0,	47.42391,	9.37477
452,	452,	St.Germain,	109,	28,	0,	6.3386744,	48.4324928
453,	452,	St. Germain,	109,	28,	0,	46.24960,	7.35256
454,	452,	Saint-Germain,	109,	28,	0,	46.24960,	7.35256
455,	452,	St. Germain en Laye,	109,	28,	0,	48.89643,	2.09040
456,	456,	St.Margrethen,	159,	18,	0,	9.2587835,	53.8938608
457,	456,	St. Margrethen,	159,	18,	0,	47.45253,	9.63741
458,	458,	St.Peterzell,	169,	58,	0,	9.1763057,	47.3176921
459,	458,	St. Peterzell,	169,	58,	0,	47.31782,	9.17599
460,	460,	St.Poissy,	109,	28,	0,	2.0428293,	48.927439
461,	460,	St. Poissy,	109,	28,	0,	2.0428293,	48.927439
462,	462,	Stackboren,	0,	0,	0,	,	
463,	463,	Stammheim,	16,	18,	0,	47.63244,	8.79963
464,	464,	Steckborn,	179,	58,	0,	47.66667,	8.98333
465,	465,	Steeg,	182,	46,	0,	50.06111,	7.76944
466,	466,	Stein,	90,	18,	0,	47.66429,	8.84683
467,	467,	Stein am Rhein,	157,	58,	0,	47.65933,	8.85964
468,	468,	Straßburg,	109,	28,	0,	7.7507127,	48.584614
469,	468,	Strassburg,	109,	28,	0,	48.58392,	7.74553
470,	468,	Strasbourg,	109,	28,	0,	7.7507127,	48.584614
471,	468,	Schdroosburi,	0,	0,	0,	,	
472,	472,	Straubing,	26,	18,	0,	12.569716,	48.8819801
473,	473,	Stuttgart,	16,	18,	0,	48.78232,	9.17702
474,	474,	Suhr,	1,	58,	0,	8.079534,	47.373166
475,	475,	Süs,	109,	28,	0,	46.74989,	10.07918
476,	476,	Tarnow,	80,	48,	0,	50.01381,	20.98698
477,	477,	Tegerfelden,	1,	58,	0,	8.2858739,	47.5607982
478,	478,	Thetford,	0,	0,	0,	52.41667,	0.75000
479,	479,	Thun,	31,	58,	0,	7.628086,	46.7582827
480,	480,	Thüringen,	181,	18,	0,	50.91667,	11.00000
481,	481,	Tirano,	0,	0,	0,	41.32750,	19.81889
482,	482,	Tirol,	182,	46,	0,	11.5261028,	47.223193
483,	483,	Toggenburg,	169,	58,	0,	47.20583,	9.35402
484,	484,	Tomice,	173,	73,	0,	43.85028,	19.59833
485,	485,	Torgau,	154,	18,	0,	13.0046538,	51.5581272
486,	486,	Töß,	208,	58,	0,	8.774664,	47.4547376
487,	487,	Tübingen,	16,	18,	0,	48.52266,	9.05222
488,	488,	Ulm,	16,	18,	0,	48.39841,	9.99155
489,	489,	Urach,	16,	18,	0,	48.49107,	9.40009
490,	490,	Urdorf,	208,	58,	0,	47.38507,	8.42581
491,	491,	Uri,	186,	58,	0,	46.78470,	8.64175
492,	492,	Uster,	208,	58,	0,	47.34713,	8.72091
493,	493,	Veltheim,	118,	18,	0,	10.6825692,	52.2181829
494,	494,	Veltlin,	122,	46,	0,	16.6236485,	48.6766
495,	495,	Vézelay,	109,	28,	0,	47.46572,	3.74559
496,	496,	Venedig,	192,	30,	0,	45.43713,	12.33265
497,	497,	Veringenstadt,	16,	18,	0,	9.2087391,	48.1842669
498,	497,	Veringendorf,	16,	18,	0,	9.2027251,	48.1577629
499,	499,	Vicosoprano,	57,	58,	0,	46.35112,	9.62080
500,	500,	Voras,	0,	0,	0,	40.93024,	21.78786
501,	501,	Vézelay,	109,	28,	0,	47.46572,	3.74559
502,	502,	Wagegg,	26,	18,	0,	47.76390,	10.37954
503,	503,	Walachei,	143,	18,	0,	9.862170081682,	53.60920815
504,	504,	Walenstadt,	169,	58,	0,	9.3149919,	47.1236457
505,	505,	Waltenhofen,	26,	18,	0,	10.3047999,	47.6719918
506,	506,	Warschau,	105,	48,	0,	52.22977,	21.01178
507,	507,	Wartau,	169,	58,	0,	9.454812382792628,	47.0926493
508,	508,	Wasenberg,	109,	28,	0,	50.71816,	8.36492
509,	509,	Wattwil,	169,	58,	0,	47.29955,	9.08657
510,	510,	Wechingen,	26,	18,	0,	10.6117472,	48.8936168
511,	511,	Weinfelden,	179,	58,	0,	47.56667,	9.10000
512,	512,	Weinheim,	16,	18,	0,	49.54887,	8.66697
513,	513,	Wesel,	125,	18,	0,	51.66690,	6.62037
514,	514,	Westminster,	0,	0,	0,	51.49937,	-0.12846
515,	515,	Wetter,	125,	18,	0,	50.917,	8.639
516,	516,	Wetzikon,	208,	58,	0,	8.7980939,	47.3226925
517,	517,	Wieliczka,	0,	0,	0,	49.98738,	20.06473
518,	518,	Wien,	200,	46,	0,	48.20849,	16.37208
519,	519,	Wiesendangen,	208,	58,	0,	8.7889904,	47.5213051
520,	520,	Wiesloch,	16,	18,	0,	8.698707,	49.2942599
521,	521,	Wigoltingen,	179,	58,	0,	9.0320675,	47.5967195
522,	522,	Wildenberg,	26,	18,	0,	11.904747,	48.7321423
523,	523,	Wilna,	204,	37,	0,	54.68916,	25.27980
524,	524,	Winchester,	0,	0,	0,	51.06513,	-1.31870
525,	525,	Windsor,	0,	0,	0,	51.4791,	-0.6095
526,	526,	Winterthur,	208,	58,	0,	47.50564,	8.72413
527,	526,	Oberwinterthur,	208,	58,	0,	8.7547606,	47.5078613
528,	526,	Ober-Winterthur,	208,	58,	0,	47.52567,	8.82279
529,	529,	Wittenberg,	155,	18,	0,	51.866667,	12.643333
530,	530,	Wlodislaw,	0,	0,	0,	,	
531,	530,	Wlodzislaw,	0,	0,	0,	,	
532,	530,	Wodzislaw,	74,	48,	0,	50,	18.45
533,	530,	Włocławek,	0,	0,	0,	,	
534,	534,	Wolfsheim,	153,	18,	0,	49.87220,	8.03944
535,	535,	Wolp,	0,	0,	0,	52.04379,	11.88728
536,	536,	Worcester,	0,	0,	0,	52.18935,	-2.22001
537,	537,	Woringen,	26,	18,	0,	10.2012426,	47.9227076
538,	538,	Worms,	153,	18,	0,	49.63278,	8.35916
539,	539,	Wädenswil,	208,	58,	0,	8.6701365,	47.2278988
540,	540,	Wülflingen,	208,	58,	0,	47.51262,	8.68400
541,	541,	Württemberg,	16,	18,	0,	47.78743,	8.55703
542,	542,	Xions,	65,	48,	0,	17.2395591,	52.0623513
543,	543,	York,	0,	0,	0,	53.958333,	-1.080278
544,	544,	Zagreb,	0,	0,	0,	,	
545,	545,	Zaliczin,	0,	0,	0,	,	
546,	546,	Zapfenburg,	181,	18,	0,	11.2593177,	50.5177605
547,	547,	Zator,	114,	73,	0,	49.98590,	19.43100
548,	548,	Ziegenhain,	153,	18,	0,	50.91522,	9.23754
549,	549,	Zittau,	154,	18,	0,	14.8064417,	50.8959142
550,	550,	Znaim,	70,	73,	0,	16.0489457,	48.8554341
551,	551,	Zofingen,	1,	58,	0,	47.28779,	7.94586
552,	552,	Zollikon,	208,	58,	0,	47.34019,	8.57407
553,	553,	Zug,	206,	58,	0,	8.5539378,	47.1486137
554,	554,	Zuoz,	57,	58,	0,	46.60206,	9.95965
555,	555,	Zurzach,	1,	58,	0,	8.2940658,	47.5866477
556,	556,	Zürich,	208,	58,	0,	47.36667,	8.55000
557,	556,	Züri,	208,	58,	0,	8.5423328,	47.3723941
558,	556,	Zurigo,	208,	58,	0,	8.5423328,	47.3723941
559,	556,	Turicum,	208,	58,	0,	8.5423328,	47.3723941
560,	556,	Zurich,	208,	58,	0,	8.5423328,	47.3723941
561,	561,	Neumarkt,	26,	18,	0,	11.4594662,	49.279624
562,	561,	Zürich-Neumarkt,	208,	58,	0,	8.5466558,	47.3731206
563,	563,	s.l.,	0,	0,	0,	,	
564,	564,	s.l.,	1,	58,	0,	,	
565,	564,	s.l.,	2,	58,	0,	,	
566,	566,	s.l.,	3,	18,	0,	,	
567,	567,	s.l.,	4,	77,	0,	,	
568,	567,	s.l.,	5,	77,	0,	,	
569,	567,	s.l.,	6,	77,	0,	,	
570,	570,	s.l.,	7,	58,	0,	,	
571,	570,	s.l.,	8,	58,	0,	,	
572,	570,	s.l.,	9,	58,	0,	,	
573,	570,	s.l.,	10,	58,	0,	,	
574,	570,	s.l.,	11,	58,	0,	,	
575,	570,	s.l.,	12,	58,	0,	,	
576,	570,	s.l.,	13,	58,	0,	,	
577,	570,	s.l.,	14,	58,	0,	,	
578,	570,	s.l.,	15,	58,	0,	,	
579,	579,	s.l.,	16,	18,	0,	,	
580,	580,	s.l.,	17,	58,	0,	,	
581,	581,	s.l.,	18,	58,	0,	,	
582,	581,	s.l.,	19,	58,	0,	,	
583,	581,	s.l.,	20,	58,	0,	,	
584,	581,	s.l.,	21,	58,	0,	,	
585,	585,	s.l.,	22,	58,	0,	,	
586,	585,	s.l.,	23,	58,	0,	,	
587,	585,	s.l.,	24,	58,	0,	,	
588,	585,	s.l.,	25,	58,	0,	,	
589,	589,	s.l.,	26,	18,	0,	,	
590,	590,	s.l.,	27,	18,	0,	,	
591,	591,	s.l.,	28,	58,	0,	,	
592,	591,	s.l.,	29,	58,	0,	,	
593,	591,	s.l.,	30,	58,	0,	,	
594,	591,	s.l.,	31,	58,	0,	,	
595,	595,	s.l.,	32,	18,	0,	,	
596,	596,	s.l.,	33,	82,	0,	,	
597,	596,	s.l.,	34,	82,	0,	,	
598,	596,	s.l.,	35,	82,	0,	,	
599,	596,	s.l.,	36,	82,	0,	,	
600,	600,	s.l.,	37,	28,	0,	,	
601,	601,	s.l.,	38,	28,	0,	,	
602,	602,	s.l.,	39,	28,	0,	,	
603,	602,	s.l.,	40,	28,	0,	,	
604,	602,	s.l.,	41,	28,	0,	,	
605,	602,	s.l.,	42,	28,	0,	,	
606,	602,	s.l.,	43,	28,	0,	,	
607,	607,	s.l.,	44,	30,	0,	,	
608,	608,	s.l.,	45,	8,	0,	,	
609,	608,	s.l.,	46,	8,	0,	,	
610,	610,	s.l.,	47,	42,	0,	,	
611,	611,	s.l.,	48,	58,	0,	,	
612,	611,	s.l.,	49,	58,	0,	,	
613,	611,	s.l.,	50,	58,	0,	,	
614,	614,	s.l.,	51,	58,	0,	,	
615,	614,	s.l.,	52,	58,	0,	,	
616,	616,	s.l.,	53,	58,	0,	,	
617,	616,	s.l.,	54,	58,	0,	,	
618,	616,	s.l.,	55,	58,	0,	,	
619,	616,	s.l.,	56,	58,	0,	,	
620,	616,	s.l.,	57,	58,	0,	,	
621,	621,	s.l.,	58,	42,	0,	,	
622,	621,	s.l.,	59,	42,	0,	,	
623,	621,	s.l.,	60,	42,	0,	,	
624,	624,	s.l.,	61,	48,	0,	,	
625,	624,	s.l.,	62,	48,	0,	,	
626,	624,	s.l.,	64,	48,	0,	,	
627,	624,	s.l.,	64,	48,	0,	,	
628,	624,	s.l.,	65,	48,	0,	,	
629,	629,	s.l.,	66,	18,	0,	,	
630,	630,	s.l.,	67,	21,	0,	,	
631,	630,	s.l.,	68,	21,	0,	,	
632,	632,	s.l.,	69,	18,	0,	,	
633,	633,	s.l.,	70,	73,	0,	,	
634,	634,	s.l.,	71,	73,	0,	,	
635,	635,	s.l.,	72,	48,	0,	,	
636,	635,	s.l.,	73,	48,	0,	,	
637,	635,	s.l.,	74,	48,	0,	,	
638,	638,	s.l.,	75,	70,	0,	,	
639,	638,	s.l.,	76,	70,	0,	,	
640,	638,	s.l.,	77,	70,	0,	,	
641,	641,	s.l.,	78,	48,	0,	,	
642,	641,	s.l.,	79,	48,	0,	,	
643,	641,	s.l.,	80,	48,	0,	,	
644,	641,	s.l.,	81,	48,	0,	,	
645,	641,	s.l.,	82,	48,	0,	,	
646,	646,	s.l.,	83,	51,	0,	,	
647,	646,	s.l.,	84,	51,	0,	,	
648,	648,	s.l.,	85,	48,	0,	,	
649,	648,	s.l.,	86,	48,	0,	,	
650,	648,	s.l.,	87,	48,	0,	,	
651,	651,	s.l.,	88,	30,	0,	,	
652,	651,	s.l.,	89,	30,	0,	,	
653,	653,	s.l.,	90,	18,	0,	,	
654,	653,	s.l.,	91,	18,	0,	,	
655,	653,	s.l.,	92,	18,	0,	,	
656,	656,	s.l.,	93,	30,	0,	,	
657,	656,	s.l.,	94,	30,	0,	,	
658,	656,	s.l.,	95,	30,	0,	,	
659,	659,	s.l.,	96,	28,	0,	,	
660,	660,	s.l.,	97,	48,	0,	,	
661,	660,	s.l.,	98,	48,	0,	,	
662,	660,	s.l.,	99,	48,	0,	,	
663,	663,	s.l.,	100,	58,	0,	,	
664,	663,	s.l.,	101,	58,	0,	,	
665,	665,	s.l.,	102,	48,	0,	,	
666,	665,	s.l.,	103,	48,	0,	,	
667,	665,	s.l.,	104,	48,	0,	,	
668,	665,	s.l.,	105,	48,	0,	,	
669,	669,	s.l.,	106,	18,	0,	,	
670,	669,	s.l.,	107,	18,	0,	,	
671,	671,	s.l.,	108,	28,	0,	,	
672,	671,	s.l.,	109,	28,	0,	,	
673,	671,	s.l.,	110,	28,	0,	,	
674,	671,	s.l.,	111,	28,	0,	,	
675,	675,	s.l.,	112,	73,	0,	,	
676,	675,	s.l.,	113,	73,	0,	,	
677,	675,	s.l.,	114,	73,	0,	,	
678,	678,	s.l.,	115,	58,	0,	,	
679,	678,	s.l.,	116,	58,	0,	,	
680,	678,	s.l.,	117,	58,	0,	,	
681,	681,	s.l.,	118,	18,	0,	,	
682,	682,	s.l.,	119,	48,	0,	,	
683,	682,	s.l.,	120,	48,	0,	,	
684,	682,	s.l.,	121,	48,	0,	,	
685,	685,	s.l.,	122,	46,	0,	,	
686,	685,	s.l.,	123,	46,	0,	,	
687,	687,	s.l.,	124,	42,	0,	,	
688,	688,	s.l.,	125,	18,	0,	,	
689,	688,	s.l.,	126,	18,	0,	,	
690,	690,	s.l.,	127,	26,	0,	,	
691,	691,	s.l.,	128,	55,	0,	,	
692,	691,	s.l.,	129,	55,	0,	,	
693,	691,	s.l.,	130,	55,	0,	,	
694,	694,	s.l.,	131,	18,	0,	,	
695,	695,	s.l.,	132,	82,	0,	,	
696,	695,	s.l.,	133,	82,	0,	,	
697,	695,	s.l.,	134,	82,	0,	,	
698,	695,	s.l.,	137,	82,	0,	,	
699,	695,	s.l.,	136,	82,	0,	,	
700,	695,	s.l.,	137,	82,	0,	,	
701,	701,	s.l.,	138,	28,	0,	,	
702,	702,	s.l.,	139,	18,	0,	,	
703,	702,	s.l.,	140,	18,	0,	,	
704,	704,	s.l.,	141,	30,	0,	,	
705,	704,	s.l.,	142,	30,	0,	,	
706,	706,	s.l.,	143,	18,	0,	,	
707,	706,	s.l.,	144,	18,	0,	,	
708,	708,	s.l.,	145,	48,	0,	,	
709,	708,	s.l.,	146,	48,	0,	,	
710,	708,	s.l.,	147,	48,	0,	,	
711,	711,	s.l.,	148,	48,	0,	,	
712,	711,	s.l.,	149,	48,	0,	,	
713,	711,	s.l.,	150,	48,	0,	,	
714,	714,	s.l.,	151,	68,	0,	,	
715,	714,	s.l.,	152,	68,	0,	,	
716,	716,	s.l.,	153,	18,	0,	,	
717,	717,	s.l.,	154,	18,	0,	,	
718,	718,	s.l.,	155,	18,	0,	,	
719,	719,	s.l.,	156,	46,	0,	,	
720,	720,	s.l.,	157,	58,	0,	,	
721,	720,	s.l.,	158,	58,	0,	,	
722,	722,	s.l.,	159,	18,	0,	,	
723,	723,	s.l.,	160,	28,	0,	,	
724,	724,	s.l.,	161,	73,	0,	,	
725,	725,	s.l.,	162,	55,	0,	,	
726,	725,	s.l.,	163,	55,	0,	,	
727,	725,	s.l.,	164,	55,	0,	,	
728,	728,	s.l.,	165,	58,	0,	,	
729,	728,	s.l.,	166,	58,	0,	,	
730,	730,	s.l.,	167,	58,	0,	,	
731,	730,	s.l.,	168,	58,	0,	,	
732,	730,	s.l.,	169,	58,	0,	,	
733,	733,	s.l.,	170,	73,	0,	,	
734,	733,	s.l.,	171,	73,	0,	,	
735,	733,	s.l.,	172,	73,	0,	,	
736,	733,	s.l.,	173,	73,	0,	,	
737,	737,	s.l.,	174,	21,	0,	,	
738,	737,	s.l.,	175,	21,	0,	,	
739,	739,	s.l.,	176,	26,	0,	,	
740,	740,	s.l.,	177,	58,	0,	,	
741,	740,	s.l.,	178,	58,	0,	,	
742,	742,	s.l.,	179,	58,	0,	,	
743,	742,	s.l.,	180,	58,	0,	,	
744,	744,	s.l.,	181,	18,	0,	,	
745,	745,	s.l.,	182,	46,	0,	,	
746,	746,	s.l.,	183,	30,	0,	,	
747,	746,	s.l.,	184,	30,	0,	,	
748,	746,	s.l.,	185,	30,	0,	,	
749,	749,	s.l.,	186,	58,	0,	,	
750,	749,	s.l.,	187,	58,	0,	,	
751,	749,	s.l.,	188,	58,	0,	,	
752,	749,	s.l.,	189,	58,	0,	,	
753,	753,	s.l.,	190,	30,	0,	,	
754,	753,	s.l.,	191,	30,	0,	,	
755,	753,	s.l.,	192,	30,	0,	,	
756,	756,	s.l.,	193,	58,	0,	,	
757,	756,	s.l.,	194,	58,	0,	,	
758,	756,	s.l.,	195,	58,	0,	,	
759,	759,	s.l.,	196,	58,	0,	,	
760,	759,	s.l.,	197,	58,	0,	,	
761,	759,	s.l.,	198,	58,	0,	,	
762,	759,	s.l.,	199,	58,	0,	,	
763,	763,	s.l.,	200,	46,	0,	,	
764,	763,	s.l.,	201,	46,	0,	,	
765,	765,	s.l.,	202,	37,	0,	,	
766,	765,	s.l.,	203,	37,	0,	,	
767,	765,	s.l.,	204,	37,	0,	,	
768,	768,	s.l.,	205,	35,	0,	,	
769,	769,	s.l.,	206,	58,	0,	,	
770,	769,	s.l.,	207,	58,	0,	,	
771,	771,	s.l.,	208,	58,	0,	,	
772,	771,	s.l.,	209,	58,	0,	,	
773,	773,	s.l.,	0,	0,	0,	,	
774,	774,	s.l.,	0,	1,	0,	,	
775,	774,	s.l.,	0,	2,	0,	,	
776,	774,	s.l.,	0,	3,	0,	,	
777,	777,	s.l.,	0,	8,	0,	,	
778,	777,	s.l.,	0,	5,	0,	,	
779,	777,	s.l.,	0,	6,	0,	,	
780,	777,	s.l.,	0,	7,	0,	,	
781,	777,	s.l.,	0,	8,	0,	,	
782,	777,	s.l.,	0,	9,	0,	,	
783,	783,	s.l.,	0,	10,	0,	,	
784,	783,	s.l.,	0,	11,	0,	,	
785,	785,	s.l.,	0,	12,	0,	,	
786,	785,	s.l.,	0,	13,	0,	,	
787,	785,	s.l.,	0,	14,	0,	,	
788,	788,	s.l.,	0,	15,	0,	,	
789,	788,	s.l.,	0,	16,	0,	,	
790,	788,	s.l.,	0,	17,	0,	,	
791,	791,	s.l.,	0,	18,	0,	,	
792,	791,	s.l.,	0,	19,	0,	,	
793,	791,	s.l.,	0,	20,	0,	,	
794,	794,	s.l.,	0,	21,	0,	,	
795,	794,	s.l.,	0,	22,	0,	,	
796,	794,	s.l.,	0,	23,	0,	,	
797,	797,	s.l.,	0,	24,	0,	,	
798,	797,	s.l.,	0,	25,	0,	,	
799,	799,	s.l.,	0,	26,	0,	,	
800,	799,	s.l.,	0,	27,	0,	,	
801,	801,	s.l.,	0,	28,	0,	,	
802,	801,	s.l.,	0,	29,	0,	,	
803,	803,	s.l.,	0,	30,	0,	,	
804,	803,	s.l.,	0,	31,	0,	,	
805,	803,	s.l.,	0,	32,	0,	,	
806,	806,	s.l.,	0,	33,	0,	,	
807,	806,	s.l.,	0,	34,	0,	,	
808,	808,	s.l.,	0,	35,	0,	,	
809,	808,	s.l.,	0,	36,	0,	,	
810,	810,	s.l.,	0,	37,	0,	,	
811,	810,	s.l.,	0,	38,	0,	,	
812,	810,	s.l.,	0,	39,	0,	,	
813,	813,	s.l.,	0,	40,	0,	,	
814,	813,	s.l.,	0,	41,	0,	,	
815,	815,	s.l.,	0,	42,	0,	,	
816,	815,	s.l.,	0,	44,	0,	,	
817,	815,	s.l.,	0,	44,	0,	,	
818,	815,	s.l.,	0,	45,	0,	,	
819,	819,	s.l.,	0,	46,	0,	,	
820,	819,	s.l.,	0,	47,	0,	,	
821,	821,	s.l.,	0,	48,	0,	,	
822,	821,	s.l.,	0,	49,	0,	,	
823,	821,	s.l.,	0,	50,	0,	,	
824,	824,	s.l.,	0,	51,	0,	,	
825,	824,	s.l.,	0,	52,	0,	,	
826,	824,	s.l.,	0,	53,	0,	,	
827,	824,	s.l.,	0,	54,	0,	,	
828,	828,	s.l.,	0,	55,	0,	,	
829,	828,	s.l.,	0,	56,	0,	,	
830,	828,	s.l.,	0,	57,	0,	,	
831,	831,	s.l.,	0,	58,	0,	,	
832,	831,	s.l.,	0,	59,	0,	,	
833,	831,	s.l.,	0,	60,	0,	,	
834,	831,	s.l.,	0,	61,	0,	,	
835,	831,	s.l.,	0,	62,	0,	,	
836,	831,	s.l.,	0,	63,	0,	,	
837,	837,	s.l.,	0,	64,	0,	,	
838,	838,	s.l.,	0,	65,	0,	,	
839,	838,	s.l.,	0,	66,	0,	,	
840,	838,	s.l.,	0,	67,	0,	,	
841,	841,	s.l.,	0,	68,	0,	,	
842,	841,	s.l.,	0,	69,	0,	,	
843,	843,	s.l.,	0,	70,	0,	,	
844,	843,	s.l.,	0,	71,	0,	,	
845,	843,	s.l.,	0,	72,	0,	,	
846,	846,	s.l.,	0,	73,	0,	,	
847,	846,	s.l.,	0,	74,	0,	,	
848,	846,	s.l.,	0,	75,	0,	,	
849,	846,	s.l.,	0,	76,	0,	,	
850,	850,	s.l.,	0,	77,	0,	,	
851,	850,	s.l.,	0,	78,	0,	,	
852,	850,	s.l.,	0,	79,	0,	,	
853,	853,	s.l.,	0,	80,	0,	,	
854,	853,	s.l.,	0,	81,	0,	,	
855,	855,	s.l.,	0,	82,	0,	,	
856,	855,	s.l.,	0,	83,	0,	,	
857,	855,	s.l.,	0,	84,	0,	,	
858,	855,	s.l.,	0,	85,	0,	,	
859,	859,	s.l.,	0,	0,	1,	,	
860,	860,	s.l.,	0,	0,	2,	,	
861,	861,	s.l.,	0,	0,	3,	,	
862,	862,	s.l.,	0,	0,	4,	,	
863,	863,	s.l.,	0,	0,	5,	,	
864,	864,	s.l.,	0,	0,	6,	,	
865,	865,	s.l.,	0,	0,	7,	,	
866,	866,	s.l.,	0,	0,	8,	,	
867,	867,	s.l.,	0,	0,	9,	,	
868,	868,	s.l.,	0,	0,	10,	,	
869,	869,	s.l.,	0,	0,	11,	,	
870,	870,	s.l.,	0,	0,	12,	,	
871,	871,	s.l.,	0,	0,	13,	,	
872,	872,	s.l.,	0,	0,	14,	,	
