0,	0,	s.l.,	,	
1,	1,	Zürich,	,	,	47.36667,	8.55000
2,	2,	Chur,	,	,	46.84986,	9.53287
3,	3,	Basel,	,	,	47.55839,	7.57327
4,	4,	Bern,	,	,	46.94809,	7.44744
5,	5,	Genf,	,	,	46.20222,	6.14569
6,	6,	Schaffhausen,	,	,	47.69732,	8.63493
7,	7,	St. Gallen,	,	,	47.42391,	9.37477
8,	8,	Augsburg,	,	,	48.37154,	10.89851
9,	9,	Strassburg,	,	,	48.58392,	7.74553
10,	10,	Heidelberg,	,	,	49.41222,	8.71000
11,	11,	Glarus,	,	,	47.04057,	9.06804
12,	12,	Winterthur,	,	,	47.50564,	8.72413
13,	13,	Solothurn,	,	,	47.20791,	7.53714
14,	14,	Biel,	,	,	47.13713,	7.24608
15,	15,	Chiavenna,	,	,	46.32063,	9.39816
16,	16,	Nürnberg,	,	,	49.45421,	11.07752
17,	17,	Tübingen,	,	,	48.52266,	9.05222
18,	18,	London,	,	,	51.50853,	-0.12574
19,	19,	Reichenweier,	,	,	48.16672,	7.29707
20,	20,	Rappoltsweiler,	,	,	48.19510,	7.31938
21,	21,	Baden,	,	,	47.47333,	8.30592
22,	22,	Lausanne,	,	,	46.51600,	6.63282
23,	23,	Krakau,	,	,	50.06143,	19.93658
24,	24,	Marburg,	,	,	50.80904,	8.77069
25,	25,	Frankfurt,	,	,	50.11552,	8.68417
26,	26,	Berg,	,	,	46.82107,	8.40133
27,	27,	Griessenberg,	,	,	,	
28,	28,	Oxford,	,	,	51.75222,	-1.25596
29,	29,	Konstanz,	,	,	47.66330,	9.17590
30,	30,	Samaden,	,	,	46.53399,	9.87276
31,	31,	Worms,	,	,	49.63278,	8.35916
32,	32,	Paris,	,	,	48.85660,	2.35166
33,	33,	Vicosoprano,	,	,	46.35112,	9.62080
34,	34,	Wittenberg,	,	,	51.866667,	12.643333
35,	35,	Leutmerken,	,	,	47.56506,	9.03488
36,	36,	Lenzburg,	,	,	47.38853,	8.17503
37,	37,	Köln,	,	,	50.93333,	6.95000
38,	38,	Forstegg,	,	,	47.24992,	9.49800
39,	39,	Kassel,	,	,	51.31667,	9.50000
40,	40,	Uster,	,	,	47.34713,	8.72091
41,	41,	Memmingen,	,	,	47.98372,	10.18527
42,	42,	Ludham,	,	,	52.70473,	1.56135
43,	43,	Lyon,	,	,	45.75888,	4.84139
44,	44,	Zuoz,	,	,	46.60206,	9.95965
45,	45,	Berleburg,	,	,	51.05224,	8.39227
46,	46,	Bocksberg,	,	,	50.62867,	10.71644
47,	47,	Leipzig,	,	,	51.33962,	12.37129
48,	48,	Mülhausen,	,	,	47.75205,	7.32866
49,	49,	Neuenburg,	,	,	46.99179,	6.93100
50,	50,	Wien,	,	,	48.20849,	16.37208
51,	51,	Brugg,	,	,	47.47776,	8.17798
52,	52,	Ely,	,	,	46.36604,	6.17196
53,	53,	Grönenbach,	,	,	47.87714,	10.22207
54,	54,	Aarau,	,	,	47.39254,	8.04422
55,	55,	Berg am Irchel,	,	,	47.56228,	8.59305
56,	56,	Emden,	,	,	53.36745,	7.20778
57,	57,	Stein am Rhein,	,	,	47.65933,	8.85964
58,	58,	Kaufbeuren,	,	,	47.88238,	10.62192
59,	59,	Königsfelden,	,	,	47.48026,	8.21782
60,	60,	Urdorf,	,	,	47.38507,	8.42581
61,	61,	Locarno,	,	,	46.17086,	8.79953
62,	62,	Neuburg,	,	,	47.64959,	8.93524
63,	63,	St. Germain,	,	,	46.24960,	7.35256
64,	64,	Lauingen,	,	,	48.56775,	10.42706
65,	65,	Norden,	,	,	53.59472,	7.20222
66,	66,	Ottenbach,	,	,	47.28228,	8.40432
67,	67,	Regensburg,	,	,	49.01513,	12.10161
68,	68,	Venedig,	,	,	45.43713,	12.33265
69,	69,	Wesel,	,	,	51.66690,	6.62037
70,	70,	Freiburg,	,	,	46.80237,	7.15128
71,	71,	Gyrenbad,	,	,	47.45216,	8.84660
72,	72,	Kempten,	,	,	47.33319,	8.80982
73,	73,	Mömpelgard,	,	,	47.50957,	6.79823
74,	74,	Pinczow,	,	,	50.52052,	20.52649
75,	75,	Haldenstein,	,	,	46.87867,	9.52618
76,	76,	Rauschenberg,	,	,	50.88329,	8.91864
77,	77,	Rötteln,	,	,	47.63237,	7.65936
78,	78,	Salisbury,	,	,	51.06931,	-1.79569
79,	79,	Stuttgart,	,	,	48.78232,	9.17702
80,	80,	Wilna,	,	,	54.68916,	25.27980
81,	81,	Antwerpen,	,	,	51.22047,	4.40026
82,	82,	Bradgate,	,	,	52.68857,	-1.20606
83,	83,	Calcinato,	,	,	45.45739,	10.40949
84,	84,	Kappel,	,	,	47.22880,	8.52722
85,	85,	Königsberg,	,	,	54.73330,	20.48330
86,	86,	Baden/AG,	,	,	47.47333,	8.30592
87,	87,	Cambridge,	,	,	52.20000,	0.11667
88,	88,	Frauenfeld,	,	,	47.55776,	8.89893
89,	89,	Schwanden,	,	,	46.99541,	9.07010
90,	90,	Stammheim,	,	,	47.63244,	8.79963
91,	91,	Süs,	,	,	46.74989,	10.07918
92,	92,	Amberg,	,	,	49.44287,	11.86267
93,	93,	Biberstein,	,	,	47.41641,	8.08508
94,	94,	England,	,	,	51.50853,	-0.12574
95,	95,	Girenbad,	,	,	47.45216,	8.84660
96,	96,	Gyrsberg,	,	,	,	
97,	97,	Polen,	,	,	52.2,	21.01
98,	98,	Ravensburg,	,	,	47.78198,	9.61062
99,	99,	Reutlingen,	,	,	47.52782,	8.75086
100,	100,	Rheinfelden,	,	,	47.55437,	7.79403
101,	101,	Ulm,	,	,	48.39841,	9.99155
102,	102,	Württemberg,	,	,	47.78743,	8.55703
103,	103,	Bremen,	,	,	53.07582,	8.80717
104,	104,	Danzig,	,	,	54.35227,	18.64912
105,	105,	Frankenthal,	,	,	49.53414,	8.35357
106,	106,	Gachnang,	,	,	47.53935,	8.85311
107,	107,	Göppingen,	,	,	48.70354,	9.65209
108,	108,	Hedelfingen,	,	,	48.75815,	9.25523
109,	109,	Nozereth,	,	,	,	
110,	110,	Padua,	,	,	45.40797,	11.88586
111,	111,	Rottenstein,	,	,	47.866948,	10.203037
112,	112,	Schlachteck,	,	,	,	
113,	113,	Spangenberg,	,	,	51.11644,	9.66270
114,	114,	Speyer,	,	,	49.32083,	8.43111
115,	115,	Westminster,	,	,	51.49937,	-0.12846
116,	116,	Zofingen,	,	,	47.28779,	7.94586
117,	117,	Diessenhofen,	,	,	47.66134,	8.70332
118,	118,	Groningen,	,	,	53.21917,	6.56667
119,	119,	Handschuhsheim,	,	,	49.42705,	8.68468
120,	120,	Iwanowicze,	,	,	,	
121,	121,	Kleinpolen,	,	,	50.06143,	19.93658
122,	122,	Lindau,	,	,	47.44299,	8.67362
123,	123,	Luzern,	,	,	47.05048,	8.30635
124,	124,	Promontogno,	,	,	46.33939,	9.55759
125,	125,	Rom,	,	,	41.88333,	12.48330
126,	126,	Sitten,	,	,	46.22739,	7.35559
127,	127,	St. Germain en Laye,	,	,	48.89643,	2.09040
128,	128,	Steckborn,	,	,	47.66667,	8.98333
129,	129,	Tirano,	,	,	41.32750,	19.81889
130,	130,	Urach,	,	,	48.49107,	9.40009
131,	131,	Wetter,	,	,	51.38747,	7.39277
132,	132,	Bishopstorpe,	,	,	53.918722,	-1.100807
133,	133,	Breslau,	,	,	51.10000,	17.03333
134,	134,	Châtillon-sur-Loing,	,	,	,	
135,	135,	Elgg,	,	,	47.49715,	8.86523
136,	136,	Erfurt,	,	,	50.97870,	11.03283
137,	137,	Gloucester,	,	,	51.86568,	-2.24310
138,	138,	Hamburg,	,	,	53.55073,	9.99302
139,	139,	Heideck,	,	,	49.13365,	11.12726
140,	140,	Innsbruck,	,	,	47.26266,	11.39454
141,	141,	La Rochelle,	,	,	,	
142,	142,	Landshut,	,	,	48.53722,	12.15222
143,	143,	Maulbronn,	,	,	48.99958,	8.80337
144,	144,	Melsungen,	,	,	51.13029,	9.55236
145,	145,	Niederhone,	,	,	,	
146,	146,	Nîmes,	,	,	43.83378,	4.35962
147,	147,	Oberbaden,	,	,	,	
148,	148,	Oswiecim,	,	,	50.03437,	19.21037
149,	149,	Payerne,	,	,	46.82192,	6.93817
150,	150,	Pelsnicze,	,	,	,	
151,	151,	Petrikau,	,	,	51.40547,	19.70321
152,	152,	Poissy,	,	,	48.92902,	2.04952
153,	153,	Rochelles,	,	,	47.33230,	7.12409
154,	154,	Rostock,	,	,	54.08870,	12.14049
155,	155,	Schopfheim,	,	,	47.65105,	7.82089
156,	156,	Tomice,	,	,	43.85028,	19.59833
157,	157,	Wattwil,	,	,	47.29955,	9.08657
158,	158,	Wieliczka,	,	,	49.98738,	20.06473
159,	159,	Winchester,	,	,	51.06513,	-1.31870
160,	160,	Worcester,	,	,	52.18935,	-2.22001
161,	161,	Aarburg,	,	,	47.32067,	7.89986
162,	162,	Aarwangen,	,	,	47.23845,	7.76854
163,	163,	Altenklingen,	,	,	47.60264,	9.07916
164,	164,	Backnang,	,	,	48.94743,	9.43718
165,	165,	Baden-Baden,	,	,	48.76194,	8.24083
166,	166,	Belp,	,	,	46.89129,	7.49825
167,	167,	Bergamo,	,	,	45.69601,	9.66721
168,	168,	Biecz,	,	,	49.73596,	21.26301
169,	169,	Bischofszell,	,	,	47.49575,	9.23882
170,	170,	Bourges,	,	,	,	
171,	171,	Casaccia,	,	,	46.39105,	9.66609
172,	172,	Caspano,	,	,	46.16924,	9.59999
173,	173,	Chambéry,	,	,	45.56628,	5.92079
174,	174,	Davos,	,	,	46.80429,	9.83723
175,	175,	Erbach,	,	,	,	
176,	176,	Erlenbach,	,	,	46.66021,	7.55445
177,	177,	Farnham Castle,	,	,	51.21877,	-0.80263
178,	178,	Ferrara,	,	,	44.83333,	11.61667
179,	179,	Fideris,	,	,	46.91627,	9.74145
180,	180,	Frankreich,	,	,	46.90000,	5.03333
181,	181,	Fulham,	,	,	51.48026,	-0.19930
182,	182,	Gundelfingen,	,	,	48.04246,	7.86570
183,	183,	Gyrsberg und Kempten,	,	,	,	
184,	184,	Güttingen,	,	,	47.60349,	9.28742
185,	185,	Heiningen,	,	,	52.86667,	12.61667
186,	186,	Hinwil,	,	,	47.32640,	8.79779
187,	187,	Holborn,	,	,	58.61667,	-3.53333
188,	188,	Kilchberg,	,	,	47.32438,	8.54548
189,	189,	Krumau,	,	,	48.81091,	14.31521
190,	190,	Lambeth,	,	,	51.49567,	-0.11988
191,	191,	Maggiatal,	,	,	,	
192,	192,	Mainz,	,	,	49.98419,	8.27910
193,	193,	Misox,	,	,	46.39390,	9.23333
194,	194,	Montbéliard,	,	,	47.21633,	6.90996
195,	195,	Morbegno,	,	,	46.13720,	9.57415
196,	196,	Mosbach,	,	,	49.35357,	9.15106
197,	197,	München,	,	,	48.13743,	11.57549
198,	198,	Pelsnica,	,	,	,	
199,	199,	Pfyn,	,	,	47.59693,	8.95420
200,	200,	Puschlav,	,	,	46.32441,	10.05823
201,	201,	Rheineck,	,	,	47.46630,	9.59028
202,	202,	Rolle,	,	,	46.45820,	6.33499
203,	203,	Rothenstein,	,	,	47.866948,	10.203037
204,	204,	Ruremond,	,	,	,	
205,	205,	Russikon,	,	,	47.39669,	8.77515
206,	206,	Schleusingen,	,	,	50.51076,	10.75658
207,	207,	Schweiz,	,	,	47.00016,	8.01427
208,	208,	Siena,	,	,	43.31822,	11.33064
209,	209,	Sondrio,	,	,	46.60947,	10.18106
210,	210,	St. Peterzell,	,	,	47.31782,	9.17599
211,	211,	Tarnow,	,	,	50.01381,	20.98698
212,	212,	Ungarn,	,	,	47.00000,	20.00000
213,	213,	Wagegg,	,	,	47.76390,	10.37954
214,	214,	Weinheim,	,	,	49.54887,	8.66697
215,	215,	Wodzislaw,	,	,	50,	18.45
216,	216,	York,	,	,	53.958333,	-1.080278
217,	217,	Zollikon,	,	,	47.34019,	8.57407
218,	218,	die vier evangelischen Städte,	,	,	,	
219,	219,	(Ober-)Neunform,	,	,	,	
220,	220,	Aeugst,	,	,	47.26910,	8.50213
221,	221,	Altdorf,	,	,	,	
222,	222,	Altnau,	,	,	,	
223,	223,	Auschwitz,	,	,	50.03437,	19.21037
224,	224,	Balgach,	,	,	47.40556,	9.60702
225,	225,	Baxterley,	,	,	52.57066,	-1.59490
226,	226,	Bedford,	,	,	52.13459,	-0.46632
227,	227,	Bergell und Veltlin,	,	,	,	
228,	228,	Berlin,	,	,	52.52437,	13.41053
229,	229,	Bernang,	,	,	47.666663,	9.016657
230,	230,	Bichau,	,	,	,	
231,	231,	Blaubeuren,	,	,	48.41215,	9.78427
232,	232,	Bologna,	,	,	44.49381,	11.33875
233,	233,	Brest,	,	,	52.09755,	23.68775
234,	234,	Brest-Litowsk,	,	,	,	
235,	235,	Bubikon,	,	,	47.26698,	8.81790
236,	236,	Burg Hohen-Aschau,	,	,	47.765724,	12.322122
237,	237,	Burg Rheinfelden,	,	,	47.554834,	7.789599
238,	238,	Burg Tarnow,	,	,	49.989167,	20.9975
239,	239,	Burtenbach,	,	,	48.34051,	10.45280
240,	240,	Buschhoven,	,	,	50.68213,	6.97770
241,	241,	Böhmen,	,	,	,	
242,	242,	Bülach,	,	,	47.45152,	8.58491
243,	243,	Bünden,	,	,	,	
244,	244,	Calvidum,	,	,	,	
245,	245,	Colmar,	,	,	48.08078,	7.35584
246,	246,	Coventry,	,	,	52.40656,	-1.51217
247,	247,	Cremona,	,	,	,	
248,	248,	Debrezin,	,	,	,	
249,	249,	Deutschland,	,	,	51.3,	9.6
250,	250,	Dubiecko,	,	,	,	
251,	251,	Dubiecz,	,	,	,	
252,	252,	Duisburg,	,	,	51.43247,	6.76516
253,	253,	Durham,	,	,	,	
254,	254,	Eibenschitz,	,	,	,	
255,	255,	Embrach,	,	,	,	
256,	256,	Eppingen,	,	,	49.13645,	8.91229
257,	257,	Esslingen,	,	,	47.28325,	8.71038
258,	258,	Fehraltorf,	,	,	47.38775,	8.75149
259,	259,	Friedberg,	,	,	47.64541,	8.92735
260,	260,	Friedewald,	,	,	50.88333,	9.86667
261,	261,	Gernersheim,	,	,	,	
262,	262,	Gilford,	,	,	51.23536,	-0.57427
263,	263,	Gossau/ZH,	,	,	,	
264,	264,	Greenwich,	,	,	51.47687,	-0.00041
265,	265,	Guildford,	,	,	51.23536,	-0.57427
266,	266,	Gunzenhausen,	,	,	49.11663,	10.75971
267,	267,	Gyula,	,	,	46.65000,	21.28333
268,	268,	Hall in Tirol,	,	,	47.28333,	11.51667
269,	269,	Herisau,	,	,	47.38615,	9.27916
270,	270,	Hirzel,	,	,	47.22660,	8.61113
271,	271,	Homberg,	,	,	51.033056,	9.4
272,	272,	Horburg,	,	,	48.08106,	7.39380
273,	273,	Horgen,	,	,	,	
274,	274,	Horn,	,	,	48.663889,	15.657222
275,	275,	Höngg,	,	,	47.40313,	8.49710
276,	276,	Ingolstadt,	,	,	48.76508,	11.42372
277,	277,	Italien,	,	,	45.93699,	7.86662
278,	278,	Ivanowicz,	,	,	,	
279,	279,	Jenins,	,	,	47.00149,	9.55657
280,	280,	Jonschwil,	,	,	,	
281,	281,	Kirchberg,	,	,	47.08538,	7.58288
282,	282,	Kleck,	,	,	,	
283,	283,	Klettgau,	,	,	,	
284,	284,	Kopenhagen oder Kolding,	,	,	,	
285,	285,	Kuenshein,	,	,	,	
286,	286,	Kyburg,	,	,	47.45569,	8.74476
287,	287,	Langenthal,	,	,	47.21526,	7.79607
288,	288,	Lavin,	,	,	46.76726,	10.11062
289,	289,	Leeder,	,	,	47.935075,	10.826853
290,	290,	Leslau / Włocławek,	,	,	52.64817,	19.06780
291,	291,	Lichtensteig,	,	,	,	
292,	292,	Ligerz,	,	,	47.08368,	7.13476
293,	293,	Litopolis,	,	,	,	
294,	294,	Lohrbach,	,	,	49.40035,	9.13784
295,	295,	London-Lambeth,	,	,	51.46593,	-0.10652
296,	296,	Lublin,	,	,	51.25000,	22.56667
297,	297,	Lübeck,	,	,	53.86893,	10.68729
298,	298,	Magdeburg,	,	,	52.12773,	11.62916
299,	299,	Maienfeld,	,	,	47.00472,	9.53115
300,	300,	Mailand,	,	,	45.46427,	9.18951
301,	301,	Manslacht,	,	,	,	
302,	302,	Martiliasi,	,	,	,	
303,	303,	Maur/ZH,	,	,	,	
304,	304,	Meilen,	,	,	47.27920,	8.66259
305,	305,	Melschtin,	,	,	,	
306,	306,	Mesericz,	,	,	,	
307,	307,	Metz,	,	,	47.34878,	7.35582
308,	308,	Mittelstetten,	,	,	48.20468,	10.76511
309,	309,	Moers,	,	,	51.45342,	6.63260
310,	310,	Moldau und Walachei,	,	,	,	
311,	311,	Moldau/Rumänien,	,	,	,	
312,	312,	Montpellier,	,	,	43.61092,	3.87723
313,	313,	Morges,	,	,	,	
314,	314,	Neunforn,	,	,	47.60477,	8.76709
315,	315,	Neunkirch,	,	,	47.69012,	8.49981
316,	316,	Norwich,	,	,	52.62783,	1.29834
317,	317,	Nozeroy,	,	,	,	
318,	318,	Nyon,	,	,	46.38318,	6.23955
319,	319,	Ober-Winterthur,	,	,	47.52567,	8.82279
320,	320,	Oberdeutsche Kirchen,	,	,	,	
321,	321,	Oberglatt,	,	,	47.47576,	8.51896
322,	322,	Oberlausitz,	,	,	51.16667,	14.33333
323,	323,	Oberneunforn,	,	,	47.60771,	8.77126
324,	324,	Oransko,	,	,	,	
325,	325,	Orbe,	,	,	46.72504,	6.53069
326,	326,	Orléans,	,	,	,	
327,	327,	Osseko,	,	,	,	
328,	328,	Ost-Friesland,	,	,	,	
329,	329,	Osweczin,	,	,	,	
330,	330,	Pewsum,	,	,	,	
331,	331,	Pfalz,	,	,	,	
332,	332,	Pforzheim,	,	,	48.88436,	8.69892
333,	333,	Plurs,	,	,	46.32979,	9.42064
334,	334,	Polen (Klein-Polen),	,	,	,	
335,	335,	Pontresina,	,	,	,	
336,	336,	Posonium,	,	,	48.14816,	17.10674
337,	337,	Przeslawicz,	,	,	,	
338,	338,	Querceto,	,	,	43.29441,	10.72779
339,	339,	Radziejow,	,	,	,	
340,	340,	Rafz,	,	,	47.60438,	8.54305
341,	341,	Rheinau,	,	,	47.63277,	8.60251
342,	342,	Richmond,	,	,	51.44269,	-0.28371
343,	343,	Rickenbach,	,	,	47.552776,	8.796108
344,	344,	Ringgen von Wildenberg,	,	,	,	
345,	345,	Rohr bei Kloten,	,	,	,	
346,	346,	Rohrenfels,	,	,	48.68654,	11.15619
347,	347,	Romrath,	,	,	,	
348,	348,	Roth,	,	,	,	
349,	349,	Rothenstein und Kalden,	,	,	,	
350,	350,	Saanen,	,	,	,	
351,	351,	Sachsen,	,	,	,	
352,	352,	Saint-Germain,	,	,	46.24960,	7.35256
353,	353,	Scharfenort,	,	,	54.30000,	18.65000
354,	354,	Scherzingen,	,	,	,	
355,	355,	Schleiden,	,	,	50.52896,	6.47692
356,	356,	Schlesien,	,	,	51.00000,	18.00000
357,	357,	Secomini,	,	,	,	
358,	358,	Sendomir,	,	,	,	
359,	359,	Sittaw,	,	,	,	
360,	360,	Solangio,	,	,	,	
361,	361,	Solothurn oder Bern,	,	,	,	
362,	362,	Speier,	,	,	49.32083,	8.43111
363,	363,	St. Germain/Poissy,	,	,	,	
364,	364,	St. Margrethen,	,	,	47.45253,	9.63741
365,	365,	Stackboren,	,	,	,	
366,	366,	Steeg,	,	,	50.06111,	7.76944
367,	367,	Stein,	,	,	47.66429,	8.84683
368,	368,	Thetford,	,	,	52.41667,	0.75000
369,	369,	Thüringen,	,	,	50.91667,	11.00000
370,	370,	Uri,	,	,	46.78470,	8.64175
371,	371,	Veltheim,	,	,	,	
372,	372,	Vézelay,	,	,	47.46572,	3.74559
373,	373,	Warschau,	,	,	52.22977,	21.01178
374,	374,	Wasenberg,	,	,	50.71816,	8.36492
375,	375,	Weinfelden,	,	,	47.56667,	9.10000
376,	376,	Windsor,	,	,	51.4791,	-0.6095
377,	377,	Wolfsheim,	,	,	49.87220,	8.03944
378,	378,	Wolp,	,	,	52.04379,	11.88728
379,	379,	Wülflingen,	,	,	47.51262,	8.68400
380,	380,	Xions,	,	,	,	
381,	381,	Zaliczin,	,	,	,	
382,	382,	Zapfenburg,	,	,	,	
383,	383,	Zator,	,	,	49.98590,	19.43100
384,	384,	Ziegenhain,	,	,	50.91522,	9.23754
385,	385,	die Städte der Eidgenossenschaft,	,	,	,	
386,	386,	die drei Bünde,	,	,	,	
387,	387,	(Sendomir),	,	,	,	
388,	388,	Altnau/TG,	,	,	47.61052,	9.26160
389,	389,	Anno,	,	,	49.61236,	40.20544
390,	390,	Antorff (Antwerpen),	,	,	51.22056,	4.39972
391,	391,	Aus Heidelberg,	,	,	,	
392,	392,	Baden (AG),	,	,	47.47333,	8.30592
393,	393,	Baden / AG,	,	,	,	
394,	394,	Baden AG,	,	,	47.47333,	8.30592
395,	395,	Basel, Schaffhausen, Mülhausen,	,	,	,	
396,	396,	Berg am Irchel/ZH,	,	,	47.56228,	8.59305
397,	397,	Berlaburg,	,	,	51.04766,	8.39252
398,	398,	Bern, Zürich,	,	,	,	
399,	399,	Bernhausen,	,	,	47.52703,	9.23821
400,	400,	Bourges oder Straburg,	,	,	,	
401,	401,	Burgund,	,	,	47.25000,	4.16667
402,	402,	Calcinato (Brescia),	,	,	45.45739,	10.40949
403,	403,	Cham,	,	,	47.18213,	8.46358
404,	404,	Châtillon,	,	,	46.83053,	6.83146
405,	405,	Compagnie,	,	,	52.98968,	6.89382
406,	406,	Cromena,	,	,	,	
407,	407,	Die vier evangelischen Städte,	,	,	,	
408,	408,	Dresden,	,	,	,	
409,	409,	Duisburg oder Köln,	,	,	,	
410,	410,	Dänemark,	,	,	56.00000,	10.00000
411,	411,	Dürnten oder Wetzikon,	,	,	,	
412,	412,	Embrach/ ZH,	,	,	47.50561,	8.59406
413,	413,	Feiburg i. Br.,	,	,	,	
414,	414,	Franckenthal,	,	,	49.53414,	8.35357
415,	415,	Frankfurt a. M.,	,	,	,	
416,	416,	Frankfurt a.M.,	,	,	50.09444,	8.67125
417,	417,	Frankfurt u Leipzig,	,	,	,	
418,	418,	Freiburg i. Br.,	,	,	47.994828,	7.849881
419,	419,	Frzeslawicz,	,	,	,	
420,	420,	Gossau ZH,	,	,	47.30510,	8.75831
421,	421,	Graubünden,	,	,	46.65870,	9.62296
422,	422,	Grüningen,	,	,	,	
423,	423,	Hessen,	,	,	,	
424,	424,	Hona,	,	,	58.65017,	7.66140
425,	425,	Hotteln,	,	,	52.25481,	9.90864
426,	426,	Im Gebiet von Brescia,	,	,	,	
427,	427,	Im Gyrenbad,	,	,	,	
428,	428,	Iwanowicz,	,	,	,	
429,	429,	Jonschwil (Toggenburg),	,	,	,	
430,	430,	Jonschwil Toggenburg,	,	,	,	
431,	431,	Klein-Polen,	,	,	50.06143,	19.93658
432,	432,	Krafftheim,	,	,	,	
433,	433,	La Rochelles,	,	,	,	
434,	434,	Lichtensteig / SG,	,	,	,	
435,	435,	London Oxford,	,	,	51.83652,	-1.32016
436,	436,	Maur ZH,	,	,	47.33996,	8.66778
437,	437,	Moldau (Rumänien),	,	,	46.50000,	27.00000
438,	438,	Mömpelgart,	,	,	47.50957,	6.79823
439,	439,	Mülhausen (Elsass),	,	,	47.75205,	7.32866
440,	440,	Nimes,	,	,	43.83378,	4.35962
441,	441,	Orthius,	,	,	,	
442,	442,	Pinegow,	,	,	,	
443,	443,	Polen (Krakau),	,	,	50.06143,	19.93658
444,	444,	Rappoldsweiler,	,	,	,	
445,	445,	Rappoltstein,	,	,	48.19510,	7.31938
446,	446,	Rappoltweiler,	,	,	,	
447,	447,	Roth (Nürnberg),	,	,	49.24762,	11.09111
448,	448,	Roth (bei Nürnberg),	,	,	,	
449,	449,	Russikon/ZH,	,	,	,	
450,	450,	Schlachteck an der Brenz,	,	,	,	
451,	451,	Sem,	,	,	47.11605,	8.19597
452,	452,	Städte der Eidgenossenschaft,	,	,	,	
453,	453,	Teutsch- und Welschland,	,	,	,	
454,	454,	Toggenburg,	,	,	47.20583,	9.35402
455,	455,	Ungarn Siebenbürgen,	,	,	,	
456,	456,	Urdorf/ZH,	,	,	,	
457,	457,	Voras,	,	,	40.93024,	21.78786
458,	458,	Wetter (Hessen),	,	,	,	
459,	459,	Wlodislaw,	,	,	,	
460,	460,	Wlodzislaw,	,	,	,	
461,	461,	Zollikon oder Zürich,	,	,	,	
462,	462,	Zrich,	,	,	,	
463,	463,	Zürich, Bern, Basel und Schaffhusen,	,	,	,	
464,	464,	Zürich-Neumarkt,	,	,	,	
465,	465,	ex salinis Velicensibus,	,	,	,	
466,	466,	in England,	,	,	52.41426,	-1.78094
467,	467,	Österreich,	,	,	,	
468,	468,	Österreich, Deutschland, und andere,	,	,	,	
469,	469,	Český Krumlov,	,	,	,	
