1310 1341 1561 1678 1340 1423
1358 1389 1541 1731 1243 1494
1408 1358 1494 1746 1323 1524
1412 1403 1397 1657 1351 1480
1420 1439 1397 1564 1345 1590
1385 1481 1441 1592 1340 1656
1379 1555 1458 1402 1313 1805
1367 1527 1478 1383 1380 1772
1344 1527 1636 1395 1320 1729
1354 1452 1532 1348 1355 1549
1387 1379 1482 1262 1278 1541
1525 1351 1380 1239 1294 1435
1616 1322 1348 1183 1269 1293
1871 1382 1339 1234 1242 1302
1637 1222 1300 1201 1224 1229
1565 1308 1229 1181 1139 1284
1364 1233 1147 1223 1175 1215
1244 1256 1226 1210 1172 1275
1174 1266 1200 1204 1149 1161
1147 1218 1117 1207 1176 1152
1185 1271 1223 1186 1227 1129
1092 1245 1159 1126 1150 1099
1163 1251 1178 1108 1104 1171
1144 1171 1119 1120 1113 1169
1142 1210 1127 1196 1237 1100
1167 1243 1181 1166 1172 1197
1166 1258 1152 1158 1092 1295
1155 1225 1078 1087 1164 1358
1101 1206 1223 1151 1235 1295
1142 1260 1222 1121 1181 1174
1256 1139 1264 1200 1113 1140
1140 1138 1222 1099 1150 1215
1204 1142 1187 1128 1166 1195
1175 1252 1145 1207 1131 1152
1140 1147 1206 1164 1137 1172
1122 1172 1178 1153 1184 1151
1161 1252 1230 1190 1103 1188
1132 1296 1177 1265 1180 1130
1116 1237 1212 1243 1212 1188
1042 1234 1225 1295 1286 1235

